10 10 10 1
1  1  0  0  1  1  0  1  1  1
1  1  0  0  1  1  0  0  1  1
1  1  0  0  1  1  0  0  1  1
1  1  0  0  1  1  0  0  1  1
1  1  0  0  1  1  1  1  1  1
1  1  0  0  1  1  0  0  1  1
1  1  0  0  1  1  0  0  1  1
1  1  0  0  1  1  0  0  1  1
1  1  0  0  1  1  1  1  1  1
1  1  0  0  1  1  1  1  1  1
#V V C C S S
# v7
# -1
1 3 3 9 10 1
# 10 + 10 + 36 = 56
1 3 3 9 9 5
# 10 + 4 + 4 + 20 = 38
1 3 3 9 5 7
# 10 + 6 + 4 + 40 = 60
1 3 3 9 4 6
# 10 + 6 + 4 + 40 = 60
1 3 3 9 6 6
# 10 + 5 + 4 + 30 = 49
1 3 3 9 5 6
