10 10 15 1
1  1  1  1  1  1  0  1  1  1
1  1  1  1  1  1  0  0  1  1
1  1  0  0  1  1  0  0  1  1
1  1  0  0  1  1  0  0  1  1
1  1  0  0  1  1  1  1  1  1
1  1  0  0  1  1  0  0  1  1
1  1  0  0  1  1  0  0  1  1
1  1  1  1  1  1  0  0  1  1
1  1  0  0  1  1  1  1  1  1
1  1  1  0  1  1  1  1  1  1
# 1  1  1  1  1  1  0  1  c  C
# 1  1  1  1  1  1  0  0  c  1
# 1  1  0  0  1  1  0  0  c  1
# 1  1  0  0  1  1  0  0  c  1
# 1  1  0  0  1  1  1  1  c  1
# 1  1  0  0  1  1  0  0  c  1
# 1  1  0  0  1  1  0  0  c  1
# c  c  c  c  c  1  0  0  c  1
# c  1  0  0  c  c  c  c  c  1
# c  1  1  0  1  1  1  1  1  1
8 2 1 10 10 1
