200 200 10 250
0 0 1 1 0 0 0 0 1 1 1 0 1 1 0 1 0 0 0 0 0 0 0 0 0 1 0 1 0 1 1 1 1 0 0 1 0 0 0 1 1 0 0 1 0 1 0 0 0 1 1 1 0 1 1 1 0 1 1 0 1 1 0 1 1 0 1 0 0 0 0 1 1 0 1 1 0 0 0 0 0 0 1 0 0 1 1 0 0 1 1 1 0 0 0 0 1 1 0 1 0 1 1 0 0 0 1 1 1 1 0 0 1 0 0 1 1 0 0 0 0 1 1 0 1 1 0 1 1 0 0 1 0 1 0 1 0 0 1 1 0 0 0 0 1 1 0 1 0 1 0 1 0 0 1 1 0 1 0 0 1 1 1 1 0 0 0 1 0 1 0 1 1 1 1 0 0 1 1 1 1 0 0 0 0 1 1 0 1 0 1 0 1 1 1 0 0 0 0 0
0 1 0 1 0 0 1 1 1 0 0 0 0 0 1 1 1 0 0 1 1 0 0 0 1 1 1 0 0 0 1 1 0 0 0 0 0 1 1 0 0 1 1 1 1 0 1 1 0 0 1 1 0 1 1 1 1 0 0 0 1 0 0 0 1 0 1 0 0 1 1 1 1 0 0 1 1 1 1 0 0 1 0 1 1 1 0 0 1 0 1 0 1 0 1 1 0 1 0 1 1 1 1 1 1 1 0 0 0 1 0 0 0 0 1 0 1 0 1 0 0 1 0 1 0 1 1 1 0 0 0 0 1 1 0 1 1 1 1 1 1 1 0 0 0 1 0 1 1 0 1 0 1 0 0 0 1 0 0 1 0 0 1 0 0 0 1 1 0 1 0 0 1 1 1 0 1 1 1 0 1 0 0 0 1 1 1 1 0 1 0 1 1 1 1 1 0 0 1 1
0 0 0 0 1 0 1 1 0 0 1 1 1 0 1 1 0 0 0 0 0 1 1 1 1 1 0 1 0 0 1 1 1 0 0 1 0 1 1 1 0 1 1 1 1 0 1 0 1 0 1 1 0 1 1 0 0 1 1 1 0 0 1 0 1 1 1 0 1 0 0 0 0 1 1 1 0 1 1 0 1 1 0 0 0 0 0 0 0 0 0 1 0 0 1 1 1 1 0 0 1 1 0 0 1 1 0 1 1 0 0 0 1 1 0 0 1 1 1 0 1 0 0 0 0 1 0 0 1 0 1 1 1 0 1 0 1 0 0 1 0 1 1 1 1 1 0 1 1 0 0 1 0 1 0 0 0 0 1 0 0 1 0 1 1 0 1 1 0 0 1 0 1 1 1 0 0 0 0 1 0 0 1 1 0 0 0 1 0 1 1 0 0 1 0 1 1 0 0 0
0 1 1 1 0 0 1 0 0 0 1 0 1 0 1 1 0 0 1 0 1 0 0 0 1 0 1 1 0 0 1 0 0 1 0 0 0 1 1 1 0 0 1 0 0 0 0 1 1 0 0 0 0 0 0 1 1 1 1 1 1 0 0 1 1 1 1 1 1 0 0 0 0 0 0 1 0 1 1 1 1 0 1 0 1 0 1 0 0 0 0 1 1 0 1 1 1 1 0 1 1 1 0 0 0 1 0 0 1 1 0 0 0 0 0 0 1 0 1 1 0 0 0 0 0 0 0 0 0 0 0 1 1 0 1 1 0 0 0 0 0 0 1 0 0 0 1 1 0 1 1 0 1 0 0 0 1 0 0 1 1 1 0 0 1 0 0 1 0 1 1 0 1 1 1 0 0 1 0 0 0 0 1 1 1 1 0 1 0 0 1 1 0 1 0 1 1 1 0 1
0 1 0 1 1 1 1 0 1 0 1 1 0 0 0 0 0 1 0 1 1 1 1 0 1 1 1 1 1 1 1 0 1 1 0 0 1 1 0 0 0 1 0 0 1 0 0 1 0 0 1 1 1 1 1 0 1 0 1 1 1 0 1 1 1 0 1 1 0 1 0 0 0 0 1 0 0 0 0 0 0 0 1 0 0 1 1 0 1 1 0 0 1 1 1 0 1 1 1 0 0 0 0 1 0 1 0 1 0 0 0 1 0 1 1 1 1 1 0 1 0 1 1 0 0 1 1 0 0 1 0 1 0 0 0 0 1 1 1 1 0 1 1 0 0 0 0 1 1 1 0 0 0 0 0 0 0 0 1 1 1 1 1 1 0 1 1 1 1 0 0 1 0 1 1 1 1 1 0 0 1 1 1 0 1 1 0 0 1 1 0 0 1 0 1 1 0 1 1 1
0 1 1 0 1 0 1 0 1 0 0 0 0 0 0 0 1 1 0 0 0 0 0 1 1 0 1 1 0 1 1 0 1 1 1 0 1 0 1 0 0 0 1 1 1 1 0 0 1 0 0 0 0 1 1 1 0 1 0 0 0 0 0 0 1 1 0 0 1 0 0 1 0 1 0 0 0 0 1 1 0 1 1 0 0 1 0 0 1 1 0 0 0 0 0 1 1 1 0 0 1 1 0 0 1 1 0 1 0 1 1 1 0 1 1 1 0 1 0 1 0 0 1 0 0 1 0 0 0 1 0 0 0 0 0 1 1 1 1 0 0 1 0 1 0 1 0 0 1 0 1 0 0 0 0 1 0 0 1 1 0 0 0 1 1 1 1 1 1 0 1 1 1 1 1 1 1 0 1 0 1 1 1 0 0 0 0 0 0 1 1 1 1 1 0 0 1 1 1 1
0 1 1 0 0 1 1 1 0 1 0 0 1 0 1 0 0 1 1 1 0 0 0 0 1 0 1 0 0 1 1 1 1 0 1 1 0 1 1 0 0 0 0 0 1 1 1 1 0 0 1 0 0 0 1 0 0 0 0 1 1 1 1 0 1 1 1 1 0 1 1 0 1 0 0 0 0 0 1 0 1 1 1 0 1 1 1 0 0 0 1 1 0 1 0 1 1 1 1 1 1 0 1 1 0 1 1 0 1 1 1 1 1 0 0 1 1 1 1 0 1 1 0 0 1 1 1 0 0 1 0 1 1 0 1 1 0 0 0 1 0 0 1 1 0 0 1 1 1 0 0 0 1 0 0 0 1 1 0 1 1 1 1 0 1 0 1 1 0 0 0 1 0 0 0 1 1 0 0 0 1 0 0 1 0 1 0 1 1 1 1 0 0 1 1 0 1 0 1 0
0 1 0 0 0 1 0 1 1 0 0 1 0 0 1 1 0 1 0 0 1 1 1 1 0 1 1 0 0 1 0 1 0 0 0 0 1 1 1 1 0 1 0 0 0 0 1 1 0 1 1 0 0 0 1 0 0 1 1 1 0 0 1 1 1 0 1 0 1 0 1 1 0 0 1 1 1 0 1 1 1 1 0 0 1 0 1 1 1 0 0 0 1 1 1 1 0 0 0 1 1 1 1 0 1 1 0 0 1 0 1 1 1 1 0 0 1 1 1 1 0 0 0 0 1 1 1 0 1 0 1 0 0 0 1 0 0 1 0 1 1 0 1 0 1 1 0 1 0 1 0 1 1 0 0 1 1 0 0 0 0 0 0 0 0 1 1 1 0 1 0 1 0 0 1 1 1 1 1 0 1 0 0 0 0 0 0 1 0 0 1 0 0 0 1 0 1 1 1 0
1 0 1 1 1 1 0 0 1 1 1 0 1 0 1 0 0 0 0 0 0 1 1 1 1 1 0 0 0 0 1 1 1 0 0 0 1 1 0 1 0 0 1 1 0 0 0 1 0 1 1 0 0 0 0 1 0 1 1 0 0 1 1 0 1 0 0 1 0 1 1 1 0 0 0 0 1 1 1 1 0 1 1 1 1 1 1 1 1 1 1 1 1 0 1 0 1 0 0 0 1 1 0 0 0 0 0 1 0 0 1 1 0 0 0 1 0 0 1 0 1 1 0 0 1 0 0 1 0 0 1 0 0 1 1 1 1 0 1 0 0 1 0 0 0 0 1 0 1 1 0 1 1 1 0 0 0 0 0 1 1 1 0 1 1 1 1 0 0 0 1 1 0 1 0 1 1 0 0 1 1 1 1 0 0 1 0 0 0 1 1 0 0 1 0 1 0 0 1 1
1 0 1 0 1 0 1 1 1 1 0 0 1 0 0 0 1 1 1 0 0 0 0 1 1 1 0 1 0 1 1 0 0 1 0 1 1 0 0 1 1 0 0 0 0 0 0 0 0 1 1 0 0 1 1 0 1 1 1 1 0 1 0 0 1 0 1 0 1 1 0 0 0 1 0 0 0 1 1 1 1 0 0 1 1 0 0 1 0 0 1 1 1 1 0 1 0 1 1 1 0 0 1 1 1 1 1 0 0 1 0 0 0 0 0 1 0 0 1 0 0 0 1 0 1 0 1 1 0 1 0 1 0 1 0 1 1 0 0 1 1 0 0 1 0 0 0 1 0 1 1 0 0 1 0 1 1 0 1 0 1 0 1 1 1 0 0 0 1 1 1 0 1 1 1 1 1 1 1 1 1 1 1 0 1 1 1 1 1 1 0 1 0 0 1 1 1 1 0 1
1 1 0 1 1 0 1 0 1 0 0 0 1 0 1 0 0 1 1 1 1 1 0 1 0 1 1 0 1 1 0 1 1 0 0 0 0 0 0 1 0 0 1 0 0 0 1 1 0 1 0 1 1 0 1 1 1 1 0 0 1 0 0 1 0 0 0 0 1 1 0 1 1 1 0 1 0 0 1 1 0 0 0 1 0 0 1 0 0 1 0 0 1 1 0 1 0 1 1 0 0 0 1 0 1 1 0 0 0 0 0 1 1 0 0 1 1 1 0 0 1 1 0 1 0 0 1 0 1 0 0 1 1 0 0 1 0 0 1 0 1 0 1 1 0 0 0 1 1 1 1 1 1 0 1 0 1 0 0 0 1 1 1 0 0 0 1 0 0 0 1 0 1 1 1 0 0 1 0 1 0 1 1 0 1 0 0 1 1 1 0 0 0 1 1 1 1 1 0 1
1 0 0 0 0 0 1 0 0 1 0 1 1 0 1 0 0 1 1 0 0 0 0 1 0 0 1 1 1 0 1 1 1 1 1 1 0 1 1 1 0 0 1 1 1 1 0 0 1 1 0 0 0 1 0 1 1 0 0 1 1 1 0 1 0 0 1 0 1 0 1 1 1 1 1 0 0 1 1 1 0 1 1 1 0 1 1 1 0 0 1 0 1 0 1 0 0 1 0 1 0 1 0 0 0 0 1 0 1 1 1 0 1 1 1 0 1 0 0 1 0 0 0 0 1 0 1 0 0 1 0 1 0 0 0 0 1 1 1 1 1 0 1 1 1 0 1 0 0 1 0 0 1 0 1 1 1 0 0 1 0 0 1 1 1 1 1 1 0 1 1 0 1 0 1 1 1 1 1 0 1 1 0 1 0 1 1 0 1 1 0 1 0 1 1 1 1 0 0 1
1 0 0 0 0 0 1 0 1 0 1 0 1 0 0 1 0 0 1 1 1 1 1 0 0 0 1 1 1 1 0 0 1 0 0 1 1 1 0 0 1 1 1 0 1 1 1 1 0 1 0 1 0 0 1 1 1 0 1 0 0 0 0 0 0 0 0 1 0 1 0 0 0 0 0 1 0 1 1 1 1 0 1 0 1 0 0 0 0 1 1 0 1 1 0 0 1 0 0 1 0 0 1 1 0 0 1 1 0 0 1 1 0 1 0 1 1 1 1 0 1 0 1 1 0 0 1 1 1 0 0 1 0 1 1 1 1 1 1 0 0 0 0 0 0 1 1 0 1 0 0 1 0 1 1 1 1 0 1 1 0 1 0 1 0 0 1 0 0 0 1 0 0 1 1 1 0 0 1 1 1 0 0 0 1 0 1 0 1 0 1 1 0 1 1 0 1 1 1 1
1 0 1 1 1 1 0 0 1 0 1 0 1 1 0 1 1 0 1 0 1 1 1 1 1 1 0 0 1 1 1 1 1 1 1 1 0 1 0 1 1 1 1 1 0 1 1 0 0 0 1 0 1 0 1 1 0 1 1 1 0 1 0 1 0 1 0 1 1 1 0 0 0 0 1 0 0 0 1 0 0 0 1 1 0 0 0 1 1 0 1 0 0 0 0 0 1 0 1 0 1 0 1 0 1 0 1 0 1 0 1 1 0 0 1 1 0 1 1 0 1 0 0 1 0 0 0 1 1 1 1 1 0 1 0 0 0 0 1 0 1 0 1 1 0 1 0 0 1 0 0 0 0 1 1 0 0 0 1 0 1 0 0 0 1 1 1 1 0 1 1 0 0 0 0 0 1 1 1 1 1 0 1 1 1 1 0 0 1 1 0 1 1 1 0 1 0 0 1 0
1 1 1 1 0 1 0 1 0 1 0 1 0 0 1 1 1 1 1 0 0 1 0 1 0 0 0 0 0 0 1 0 0 0 0 1 1 0 1 1 1 1 0 0 1 1 0 1 1 1 1 0 0 0 0 1 1 0 1 1 1 1 1 0 0 0 0 1 1 1 0 1 1 1 1 1 1 0 1 1 1 0 0 0 1 0 1 1 1 0 1 0 0 1 1 0 1 1 0 0 0 1 1 0 1 0 1 1 1 1 0 1 0 0 0 0 1 0 0 1 1 1 1 1 0 0 1 1 1 1 1 0 0 1 1 1 0 1 1 0 0 0 1 0 1 0 0 1 0 1 1 0 0 0 0 0 0 1 1 1 0 1 1 1 1 0 0 1 1 0 1 1 1 0 0 0 0 1 0 1 0 0 0 0 0 1 1 1 0 0 1 0 1 1 0 0 1 0 0 0
0 0 0 1 0 1 1 0 1 0 1 0 0 1 1 0 1 1 0 1 0 0 0 1 0 1 1 1 0 0 0 1 0 1 0 1 1 1 0 0 0 1 1 0 1 1 0 0 0 1 0 0 1 0 0 0 0 0 1 0 1 0 0 1 0 1 1 1 1 1 1 0 0 0 1 0 1 1 1 1 0 0 1 0 1 1 1 0 1 0 1 1 0 1 0 0 1 1 1 0 0 0 0 1 1 0 0 1 1 1 0 1 0 0 0 1 0 0 1 0 0 0 0 0 1 0 1 1 0 1 1 1 0 1 1 1 1 0 0 0 1 1 0 1 0 1 0 0 0 1 1 0 1 0 0 1 0 0 1 0 0 1 0 0 0 0 1 1 0 0 0 0 0 1 1 1 1 1 0 0 1 0 0 1 0 0 1 0 0 0 0 1 1 1 0 1 0 0 0 1
1 1 0 1 1 1 1 1 0 1 0 1 0 1 1 0 0 1 1 0 1 1 0 0 1 0 1 0 0 1 0 1 0 1 0 0 1 1 1 0 1 1 1 0 0 1 1 0 0 0 0 0 1 1 1 1 0 1 0 0 0 1 1 1 0 0 1 0 1 0 1 1 1 0 0 1 0 1 1 0 1 0 0 1 1 1 1 0 0 0 0 1 0 1 0 1 1 0 0 1 0 0 1 1 0 1 0 0 1 1 0 0 1 0 0 0 1 1 0 0 1 0 1 0 1 0 0 0 0 0 1 1 0 1 0 0 0 1 1 0 0 0 1 0 0 1 1 1 1 0 0 0 0 0 1 1 1 0 1 1 1 0 1 0 1 1 0 0 1 0 0 1 1 0 0 1 1 1 0 1 0 0 0 1 0 0 1 1 1 1 1 1 1 0 0 1 1 0 1 1
1 0 1 0 1 0 0 1 1 1 0 1 1 1 0 0 1 0 0 0 0 1 0 0 1 0 1 0 1 1 1 0 1 0 1 0 1 1 0 0 0 0 1 1 1 1 1 1 1 1 1 1 0 0 0 1 0 0 1 1 1 1 0 1 0 1 0 1 1 0 1 0 1 0 0 1 1 1 0 1 0 0 0 1 0 1 1 0 0 0 1 0 0 0 1 0 0 1 0 1 1 1 0 0 1 1 0 0 0 1 1 1 1 1 0 1 0 0 0 1 1 1 1 0 0 0 1 0 1 1 1 1 0 0 0 0 1 0 1 0 0 1 0 0 0 1 0 1 1 0 1 0 1 1 0 1 0 1 1 0 0 1 0 0 0 0 1 1 1 0 0 1 0 1 1 1 1 1 1 0 1 1 1 1 1 0 1 0 1 1 0 1 0 1 0 1 1 1 1 1
0 0 1 0 0 0 0 1 0 0 1 0 0 1 1 1 0 1 1 0 1 1 1 0 1 0 1 1 1 1 1 1 1 0 0 1 1 1 0 1 1 1 0 0 1 1 0 0 1 1 1 1 0 0 1 1 0 1 0 0 0 1 1 1 0 0 1 0 1 0 0 0 1 0 1 0 0 1 0 1 0 0 1 0 0 0 1 1 1 0 0 1 1 0 0 1 1 0 0 1 1 0 0 1 0 1 0 0 1 1 1 0 1 1 0 1 0 0 1 0 1 1 0 0 1 1 0 0 0 1 1 0 1 0 1 1 1 1 1 1 0 1 0 1 1 1 1 1 0 1 0 0 1 0 0 1 0 0 0 0 0 0 1 1 1 1 0 1 0 0 0 1 1 1 0 0 0 0 0 0 0 0 1 1 0 1 1 1 0 0 1 0 0 0 0 1 1 1 1 1
1 0 1 1 0 1 1 1 0 1 1 0 1 0 0 1 0 0 1 1 0 0 0 1 1 1 1 0 1 1 1 1 1 0 0 0 1 1 0 0 0 1 1 0 0 1 0 0 0 0 1 1 0 0 1 0 1 0 1 1 1 1 1 0 1 1 0 0 1 1 0 1 1 1 0 0 1 0 1 1 0 1 1 0 0 0 0 1 0 1 0 1 1 0 0 1 1 1 0 1 1 0 1 1 0 0 1 1 0 1 1 1 1 1 1 0 1 0 0 0 1 1 0 1 0 1 0 0 0 0 1 1 0 0 0 1 0 0 1 1 0 0 1 0 1 1 0 0 0 1 0 1 1 0 0 0 1 0 0 0 0 0 0 1 1 0 0 0 0 0 0 0 0 1 1 1 0 0 0 1 0 0 1 1 1 1 0 1 1 1 0 1 1 0 0 0 1 0 1 0
1 0 0 1 0 0 1 0 0 1 1 1 0 1 0 1 1 0 0 1 1 0 1 1 0 1 1 0 1 1 1 1 0 1 0 0 0 0 1 0 0 1 1 0 1 0 1 1 1 1 0 1 0 1 1 0 0 1 1 0 1 1 1 1 1 0 0 0 0 1 0 1 0 1 1 0 1 0 0 0 0 1 0 0 1 0 0 0 1 0 1 0 1 0 1 0 1 0 1 1 0 0 0 1 0 0 0 0 1 0 1 0 1 1 0 0 0 0 0 1 1 0 0 0 1 0 1 0 1 0 0 0 1 0 1 1 1 1 0 1 1 0 1 1 1 0 1 0 0 0 1 1 0 0 1 1 1 1 0 1 0 0 0 1 1 1 0 1 0 0 1 0 1 1 0 0 0 0 0 0 0 0 0 0 1 1 0 1 0 1 0 1 0 0 1 0 0 1 1 1
1 0 1 0 1 1 0 1 0 0 1 1 1 0 1 1 0 0 0 0 1 1 0 1 0 0 0 1 1 1 0 0 1 1 0 1 0 0 1 0 0 1 1 0 0 1 1 1 1 1 1 0 0 1 0 0 0 0 1 0 0 0 1 0 1 1 0 0 1 0 1 0 1 0 1 0 0 1 0 1 1 1 1 0 0 0 0 0 0 0 0 0 1 1 0 0 1 1 1 1 0 1 0 0 0 0 1 1 1 0 0 1 0 0 0 1 1 0 1 1 0 0 0 0 1 0 0 1 0 1 1 1 1 0 0 1 1 0 0 0 0 1 0 0 0 1 1 1 1 0 1 0 1 0 0 0 1 1 0 1 1 0 1 0 0 1 1 0 1 0 1 0 1 1 1 0 1 0 1 1 0 0 0 1 1 0 0 1 0 0 1 0 1 1 0 0 1 0 1 0
1 0 1 1 1 1 0 0 0 1 0 1 0 1 1 0 1 1 0 1 0 0 1 0 0 0 0 1 1 1 1 0 0 0 0 1 0 0 0 0 0 0 0 0 1 1 0 0 1 1 0 1 1 1 1 0 0 0 0 1 1 0 0 1 0 0 1 1 1 1 1 1 1 0 0 0 1 1 1 1 1 0 1 0 0 0 1 0 1 0 1 1 0 0 1 1 1 0 1 0 1 1 1 0 1 1 1 1 1 1 0 1 1 1 0 1 0 0 0 0 1 0 0 1 1 0 1 1 1 1 0 1 1 1 1 0 0 0 0 1 0 0 0 0 1 0 1 0 1 0 0 0 1 1 1 0 1 1 0 1 0 0 1 0 1 0 0 1 1 0 0 1 0 0 0 1 1 1 1 1 1 0 0 1 1 0 0 0 0 1 0 1 1 0 1 1 1 1 1 1
1 0 0 0 0 1 0 1 0 0 1 1 0 0 0 1 1 1 0 1 1 0 0 0 0 0 0 0 1 1 1 1 0 1 1 0 0 1 0 1 0 0 0 1 0 0 0 1 1 0 0 0 0 1 0 0 1 1 1 1 0 0 1 0 0 0 0 0 1 1 1 1 0 0 1 0 0 0 1 0 1 1 1 0 1 1 1 0 1 0 1 0 0 0 0 1 1 0 1 1 1 0 0 0 1 0 1 0 1 0 0 0 0 1 0 0 0 0 0 0 1 1 1 0 0 1 0 0 0 1 1 0 1 0 1 0 0 1 1 0 0 1 0 1 1 1 0 0 0 0 0 1 0 0 0 0 0 0 1 1 1 1 0 1 0 0 1 1 0 0 1 1 1 1 1 1 1 0 1 0 0 0 0 0 0 1 1 0 1 0 1 0 1 1 0 0 0 1 0 0
1 0 1 1 0 1 1 1 1 0 1 0 0 1 0 1 1 0 1 1 0 1 1 0 0 1 0 0 1 0 0 0 1 1 0 0 1 0 1 0 1 0 1 1 0 0 0 0 0 0 0 0 0 0 0 0 0 1 0 0 1 0 1 1 0 0 0 0 1 1 1 0 0 1 0 1 1 1 1 1 0 1 1 0 1 1 0 1 0 1 0 0 1 1 0 0 1 1 1 0 1 1 1 1 1 0 0 1 1 0 1 0 1 1 0 1 0 1 1 1 1 0 1 0 1 0 0 0 1 1 1 0 1 1 0 0 1 1 1 1 0 1 1 1 1 1 1 1 0 1 1 0 1 1 0 0 1 1 1 0 1 1 0 0 0 0 1 1 0 1 1 0 1 0 1 1 1 1 1 1 1 1 0 1 0 1 1 0 0 0 0 0 0 1 1 1 0 0 1 0
1 0 1 1 0 1 1 0 1 1 1 1 0 0 0 0 0 0 1 0 0 0 0 0 1 1 1 0 1 1 0 0 1 1 1 1 1 0 1 0 1 0 1 0 0 1 1 1 0 1 1 1 0 0 1 1 1 0 1 0 1 1 0 1 1 0 1 1 0 0 0 1 1 0 0 0 1 0 1 0 0 0 1 0 1 1 1 1 1 1 1 0 1 0 1 1 1 0 0 1 1 0 0 1 1 0 1 0 0 0 0 1 1 0 1 0 1 0 1 1 0 1 0 0 1 1 1 0 0 0 1 1 1 0 0 0 1 0 1 0 1 1 1 0 0 0 1 0 1 1 0 0 0 1 1 1 1 0 1 0 1 1 0 1 1 1 0 1 0 1 0 1 1 1 1 1 1 0 1 0 0 0 0 1 0 1 1 1 0 0 1 1 0 1 1 0 0 0 1 1
0 0 1 1 1 1 1 1 0 1 1 0 0 1 0 0 1 1 1 1 0 1 0 0 0 0 1 0 1 1 0 1 0 1 0 0 0 1 1 1 0 1 1 0 0 1 1 1 0 0 1 1 0 1 0 1 0 1 0 0 1 0 1 0 1 0 0 1 1 0 0 1 0 1 0 1 0 1 0 0 0 0 0 1 0 1 0 0 1 1 0 0 1 1 1 0 0 1 0 1 1 1 0 0 0 0 1 0 0 1 1 0 1 1 1 0 1 1 1 1 0 0 0 1 1 1 0 1 1 1 0 1 1 0 0 0 0 0 1 0 0 0 0 1 1 0 1 1 0 1 1 1 0 0 0 0 0 1 1 1 1 1 0 1 0 0 1 0 0 1 1 1 1 1 0 0 0 1 1 1 0 1 1 1 0 0 1 0 1 0 1 1 1 0 0 0 1 0 1 1
1 1 0 0 0 0 1 1 0 0 0 1 0 1 0 1 0 1 0 1 0 0 1 0 0 0 0 1 1 1 1 0 1 1 1 1 1 0 0 0 1 0 0 0 0 1 0 0 1 1 0 0 1 0 0 0 1 0 0 1 1 0 1 1 0 0 1 1 1 1 0 1 0 1 0 0 0 1 1 0 0 0 0 1 1 0 0 0 0 0 0 1 1 0 0 0 1 0 0 0 0 1 1 1 1 1 0 0 1 1 0 1 1 0 0 1 0 0 1 0 1 0 0 1 1 0 0 1 1 0 1 1 0 0 1 1 0 0 1 0 1 1 1 0 1 1 0 0 0 1 0 0 0 1 1 0 0 1 0 1 1 0 1 0 0 1 0 1 0 1 1 1 0 1 1 1 1 0 0 1 0 1 0 0 0 0 0 1 0 1 0 0 0 0 1 0 1 1 0 1
1 0 1 0 1 1 0 0 0 0 1 0 1 1 0 0 0 1 1 0 0 1 0 0 0 0 0 1 1 0 0 1 0 0 0 0 1 0 0 1 1 0 0 1 0 0 0 0 0 1 1 0 0 1 0 1 0 1 1 0 0 0 1 0 0 1 1 0 0 0 1 1 1 0 0 1 0 0 0 0 1 1 1 0 0 0 0 0 1 1 1 1 0 1 1 0 1 0 1 0 1 1 1 0 0 0 0 0 0 1 1 0 0 0 1 1 0 0 0 1 1 1 1 0 0 0 0 1 1 0 1 1 0 1 1 0 1 0 0 0 1 0 0 1 1 1 0 1 1 1 1 1 1 0 1 0 0 1 1 0 0 0 1 0 0 1 1 1 0 1 1 1 1 0 0 0 0 0 1 1 1 0 1 1 0 0 1 0 1 0 0 1 1 0 1 1 1 1 1 1
1 0 1 0 1 0 1 1 0 1 1 1 1 0 0 1 1 1 1 1 0 1 0 0 0 0 0 0 1 0 0 0 1 0 0 0 1 1 0 1 1 1 0 0 1 0 0 0 1 0 0 0 1 0 0 0 0 0 1 0 0 1 0 1 1 1 0 1 1 1 0 0 0 1 1 1 0 0 0 0 0 0 1 1 0 1 0 1 1 0 1 1 1 1 1 1 1 0 0 0 0 0 1 1 1 0 1 0 0 1 1 0 1 0 1 0 0 1 0 0 0 1 0 1 1 1 0 1 1 0 1 1 1 1 0 0 0 1 1 0 0 1 1 1 0 0 0 1 1 0 1 1 0 1 0 0 0 0 1 0 0 0 1 1 1 0 0 0 1 1 1 1 0 0 0 1 1 0 0 0 1 1 1 1 1 0 1 0 0 1 0 1 0 1 0 0 0 0 0 0
1 0 1 0 0 0 1 1 0 0 0 1 1 1 0 0 0 1 1 1 0 1 0 0 0 0 0 0 1 0 1 0 1 1 1 1 0 0 0 1 0 0 1 1 1 0 0 1 1 1 0 0 1 0 1 0 0 0 0 1 0 0 0 0 0 0 1 1 1 1 1 1 0 0 0 1 0 1 1 0 1 1 0 0 0 1 0 1 0 1 0 0 0 0 0 0 1 1 1 0 1 0 0 1 0 1 0 1 1 0 1 1 0 0 1 1 0 1 1 0 0 0 1 0 1 1 0 0 1 0 1 0 0 1 0 1 1 0 0 0 1 1 0 1 1 0 0 1 1 0 0 1 0 1 1 0 0 1 0 1 0 1 0 0 0 1 0 0 0 0 1 0 0 1 1 0 1 0 0 1 0 1 0 1 0 1 0 1 0 0 0 1 0 1 1 1 0 0 1 1
1 1 1 0 0 0 0 0 1 0 0 1 0 1 1 0 1 1 0 1 0 0 1 1 0 0 1 1 0 1 0 0 1 0 1 0 1 1 0 0 1 0 0 1 1 0 0 1 1 1 1 0 0 1 0 1 1 1 1 0 0 0 1 0 0 1 1 0 1 0 0 0 0 1 1 1 1 1 1 1 0 0 0 1 0 1 1 0 1 1 1 0 0 1 1 1 1 0 1 0 0 0 0 1 1 1 0 1 0 0 1 0 1 1 0 1 1 0 1 0 1 1 1 1 1 1 0 0 1 1 1 0 1 0 1 1 0 0 1 0 0 1 1 1 0 1 1 0 1 0 1 0 0 0 0 1 1 1 1 1 1 1 0 0 1 1 1 0 1 1 0 1 1 1 0 1 0 1 1 1 0 1 0 1 0 1 1 0 1 1 0 1 0 0 0 0 1 0 1 0
1 0 1 0 0 0 0 0 1 0 1 0 0 0 1 0 0 0 0 1 1 1 1 0 1 1 1 1 0 0 1 1 0 0 0 1 0 0 1 1 0 1 0 0 0 1 1 1 0 1 0 1 1 0 1 0 0 1 0 0 1 1 0 1 0 0 1 1 0 1 1 1 1 0 0 1 1 0 1 0 0 1 1 1 0 0 0 0 1 0 0 1 0 1 1 0 1 1 1 0 1 1 0 1 0 1 0 0 1 1 0 1 1 0 1 1 0 0 0 0 0 1 0 1 0 1 1 1 0 0 0 1 0 1 1 1 0 1 0 1 0 1 1 0 1 0 1 0 0 1 1 0 0 0 0 1 1 1 1 1 0 1 0 1 0 0 1 0 1 0 1 0 1 0 0 1 1 0 0 0 0 0 0 0 1 1 1 1 0 1 0 0 1 0 0 1 1 0 0 1
0 0 1 1 1 1 0 1 0 0 1 0 1 1 1 1 1 0 0 1 1 0 1 0 0 1 1 0 1 1 1 0 1 1 1 1 1 1 1 1 1 1 0 0 1 1 1 0 1 1 0 0 0 1 0 1 1 0 1 1 1 0 0 0 0 0 1 1 1 0 1 0 1 0 1 0 1 1 1 0 0 1 1 1 1 1 0 1 0 1 0 0 0 0 0 1 1 0 1 1 1 0 0 0 0 1 1 0 0 1 1 0 0 0 0 0 0 1 1 0 1 0 1 0 1 1 0 0 1 0 0 0 0 1 0 1 1 0 1 1 1 1 1 0 0 1 1 1 1 0 0 0 0 0 1 0 1 1 1 0 0 0 0 1 0 1 0 0 1 0 1 0 1 1 0 0 0 1 1 1 0 1 0 0 0 0 0 1 1 1 0 1 1 1 0 1 1 1 0 1
1 1 0 0 0 0 1 0 1 0 1 0 0 0 0 0 1 1 1 1 1 0 0 0 1 0 0 1 1 0 0 0 0 1 0 1 1 1 1 1 1 1 1 1 1 0 0 0 1 1 1 1 1 1 1 0 1 1 1 1 1 1 0 1 1 0 0 1 0 0 0 1 0 1 1 1 0 0 0 0 1 1 0 1 0 0 0 0 0 0 1 0 1 0 1 0 1 1 0 0 0 1 1 0 1 0 0 0 0 0 1 1 1 1 1 1 1 1 0 1 1 0 0 1 1 1 0 1 1 0 1 0 0 1 1 0 1 1 0 0 0 1 1 1 1 0 1 0 0 1 0 0 1 1 1 1 0 1 0 0 0 0 0 0 0 0 1 0 0 1 1 1 0 1 0 0 0 0 1 0 0 1 0 0 0 1 0 1 1 1 1 0 1 1 0 0 0 0 0 1
0 1 0 1 1 0 1 1 1 1 0 1 1 1 1 1 0 1 0 0 0 0 1 0 0 1 1 1 1 1 0 1 1 1 0 0 0 1 0 0 0 0 0 1 1 0 1 1 0 0 0 0 1 0 1 0 0 1 0 0 0 0 1 0 0 1 0 0 0 1 1 1 0 1 0 0 0 1 0 0 1 0 1 1 0 0 1 1 1 1 1 1 1 0 1 0 1 0 1 1 1 0 0 0 0 1 0 1 0 1 1 0 0 0 1 0 0 1 0 0 1 0 0 0 0 1 0 1 0 1 1 1 0 1 0 1 0 1 0 1 0 0 0 0 1 1 1 0 0 0 0 1 1 0 1 1 0 0 1 1 0 1 1 1 1 1 0 0 0 0 1 0 1 1 1 0 0 0 0 0 1 1 1 1 0 0 0 0 1 1 1 1 0 1 0 0 0 0 1 1
0 1 1 0 1 1 1 0 0 1 1 1 1 1 1 1 1 0 1 1 1 0 0 1 0 0 1 0 0 1 1 1 0 0 1 1 1 1 0 0 1 0 1 1 1 0 0 1 0 0 1 0 0 1 0 1 0 1 1 1 1 0 1 1 0 0 1 0 0 1 0 0 0 1 1 0 1 1 0 1 1 0 1 1 0 0 0 1 1 0 1 0 0 0 0 0 0 0 0 0 0 1 1 1 1 0 0 1 0 0 0 1 1 1 1 1 0 0 0 0 0 0 1 1 1 0 1 1 1 1 0 0 1 1 1 0 0 0 0 0 0 1 1 0 0 1 0 0 0 1 0 0 1 0 0 1 1 1 1 1 0 1 0 0 0 1 1 1 0 1 1 0 1 1 1 1 0 0 1 1 1 1 0 1 0 1 0 0 1 0 1 1 0 1 0 1 1 1 0 1
1 0 1 0 0 1 1 1 1 1 0 1 0 1 0 1 0 0 1 0 0 1 0 0 0 0 1 1 1 0 0 1 1 1 0 0 1 0 0 1 1 1 1 1 0 0 0 0 1 1 0 0 1 1 0 1 0 0 0 0 1 1 1 1 1 1 0 1 1 0 0 1 1 1 0 1 1 1 0 0 0 0 1 1 0 0 0 1 1 0 1 0 0 0 0 0 1 1 0 1 1 1 0 0 1 1 1 1 0 1 0 1 1 0 0 1 0 1 0 1 1 1 1 1 0 1 0 0 0 0 1 0 1 1 0 0 1 1 0 0 1 1 1 1 0 1 1 0 0 1 1 1 1 1 0 1 0 0 1 1 0 1 1 0 0 0 1 1 0 0 0 0 1 1 1 1 0 1 1 1 1 1 1 0 1 0 0 1 1 1 1 0 0 1 1 1 1 1 0 0
0 0 1 0 0 0 0 1 1 0 0 1 1 1 1 0 0 0 0 0 0 1 1 0 0 1 1 0 0 0 1 1 0 0 1 1 1 1 0 1 1 1 0 0 1 1 0 1 1 1 1 1 1 1 1 0 1 1 0 0 0 0 1 1 1 1 1 0 0 0 1 1 0 1 0 1 0 1 0 0 0 1 1 0 0 0 0 0 0 1 0 1 0 0 0 0 0 1 1 1 0 0 0 0 0 1 1 1 1 1 0 0 0 0 1 1 1 1 0 0 1 1 0 1 1 1 1 0 0 0 1 0 0 1 0 1 1 0 1 0 1 1 0 0 0 1 1 1 0 1 0 1 1 1 0 1 0 0 0 1 0 1 0 0 1 0 0 0 0 1 0 1 0 0 1 0 1 0 1 0 0 0 1 0 0 0 0 0 0 0 1 0 0 1 1 1 0 0 0 0
0 0 0 1 0 1 1 0 0 0 1 1 0 1 0 0 0 1 1 1 0 0 1 1 0 1 0 0 1 0 0 0 0 1 1 1 1 0 0 1 0 1 1 0 0 0 0 1 0 0 1 1 0 0 0 1 0 0 1 0 1 1 1 0 1 1 0 1 1 0 0 1 0 0 1 0 1 0 0 1 1 1 0 0 0 0 0 1 0 1 0 1 1 0 0 1 1 1 0 1 0 1 0 1 0 0 0 1 1 1 1 1 1 1 1 0 1 1 1 0 0 1 1 1 1 1 0 1 0 1 0 0 1 0 1 1 1 0 1 1 0 0 0 1 0 1 1 1 1 1 0 0 0 1 0 0 0 1 1 1 1 1 1 0 0 1 0 1 1 1 1 1 1 0 1 1 1 1 1 1 0 1 0 0 1 0 0 1 0 1 0 1 1 1 1 1 0 1 0 1
1 1 1 0 0 1 1 0 0 1 1 1 1 0 1 0 1 0 1 1 1 0 0 0 0 0 1 1 0 0 0 0 0 1 0 1 0 1 0 0 0 0 0 0 1 0 1 0 0 0 0 0 1 0 0 0 1 1 0 1 1 1 0 0 0 0 1 0 1 1 1 0 0 0 0 1 1 1 0 0 1 1 0 0 1 1 1 1 1 1 0 1 1 0 0 1 1 0 0 1 0 0 0 0 0 1 0 0 0 0 1 1 1 0 0 0 1 1 1 0 0 0 1 1 1 1 1 0 0 1 0 0 0 1 1 1 0 1 1 1 1 1 0 1 0 1 1 0 1 0 0 0 1 1 0 1 1 1 0 0 1 0 0 1 1 0 0 0 0 1 0 1 1 1 0 1 1 1 1 0 0 0 1 1 1 1 0 1 1 0 0 1 0 1 0 0 1 1 0 1
1 0 1 0 0 1 0 1 0 1 0 1 1 1 0 1 0 1 1 1 0 0 1 0 1 0 0 1 0 0 1 0 0 1 0 0 0 1 1 1 1 1 1 0 1 0 0 1 1 1 1 0 1 1 0 0 1 0 1 0 0 1 1 0 0 0 0 0 0 1 1 0 0 1 0 1 1 1 1 1 0 0 1 0 0 0 0 0 1 0 0 1 1 1 1 1 0 1 0 1 0 0 1 1 0 1 1 1 0 1 1 1 0 1 0 0 1 1 1 1 1 0 1 1 0 1 0 1 1 0 0 0 1 0 0 1 1 1 0 1 1 0 0 0 0 1 1 0 1 1 1 1 0 1 1 0 1 1 0 0 1 1 1 0 1 1 0 1 1 0 1 1 1 1 0 1 1 0 1 1 1 1 0 0 1 0 0 0 0 1 0 1 1 0 1 1 1 1 0 1
0 0 0 1 0 1 1 1 1 1 1 1 0 1 1 0 0 0 0 1 1 1 0 1 0 0 1 0 0 0 1 1 0 1 1 0 1 0 0 1 0 1 1 0 1 1 1 0 0 0 0 1 0 1 0 0 1 1 1 0 0 1 1 0 1 0 0 1 1 1 0 1 1 0 1 1 1 1 0 0 1 0 1 0 1 1 1 0 0 0 1 0 1 0 1 0 1 0 0 0 0 0 1 1 0 1 0 1 0 0 0 1 1 1 0 0 1 1 0 1 1 1 1 0 1 1 1 1 0 0 0 0 1 1 0 0 0 0 1 0 1 0 0 1 1 0 1 1 0 1 1 1 1 1 1 1 0 0 1 0 0 0 0 0 1 1 0 0 0 0 0 1 0 0 0 0 0 0 1 0 1 1 0 0 0 0 1 1 0 0 1 1 1 0 0 0 0 1 1 0
1 0 0 0 1 1 1 0 1 1 0 1 1 1 0 1 0 1 1 1 0 0 1 0 0 1 1 0 0 0 0 0 1 0 1 1 1 1 0 0 1 1 1 1 0 0 1 1 1 0 1 1 0 1 1 1 1 0 1 0 0 1 0 1 0 1 1 1 1 1 0 0 0 1 0 0 1 0 0 1 0 0 1 0 1 1 1 0 1 1 0 1 0 0 1 1 1 0 1 0 1 0 1 1 0 1 1 1 0 1 0 0 1 0 1 0 0 0 1 1 1 0 0 0 0 1 0 0 0 1 0 1 1 1 0 0 0 0 0 1 1 1 0 0 1 0 1 0 0 0 1 1 1 1 1 1 1 0 1 1 0 0 0 0 0 1 0 0 1 1 0 0 0 1 0 1 0 1 0 0 1 0 1 1 1 0 1 0 1 1 1 1 0 1 0 1 1 0 0 1
0 0 1 1 1 1 0 1 0 1 1 1 1 1 0 0 1 1 1 0 0 0 1 0 1 1 0 1 1 1 1 1 1 1 0 0 1 0 1 0 1 0 1 1 0 1 0 0 1 1 1 1 0 1 0 0 0 1 0 1 0 1 0 0 1 0 0 1 0 1 0 0 1 1 1 0 1 0 0 0 1 0 1 0 0 1 0 0 0 0 0 0 1 0 1 0 0 0 0 1 0 0 1 1 1 1 1 1 0 0 1 0 1 1 1 0 0 1 1 0 1 1 1 0 1 1 1 0 0 0 1 0 1 1 1 0 0 1 0 0 1 1 0 0 1 0 1 1 0 1 1 1 0 1 1 0 0 0 1 0 0 1 0 0 1 1 0 1 0 0 0 0 1 0 1 0 0 1 0 0 1 1 0 0 0 1 1 1 1 1 0 0 0 1 0 0 0 1 0 1
0 0 1 0 1 0 0 0 1 0 1 0 0 0 0 1 0 0 0 0 0 0 0 1 1 0 1 1 1 1 1 0 0 1 1 0 1 0 0 0 1 0 1 0 1 1 1 1 1 1 1 0 0 1 0 0 1 1 0 0 0 1 1 0 1 1 0 0 1 0 1 1 0 0 0 1 1 0 1 0 1 1 1 1 1 0 0 1 1 0 0 0 1 0 0 0 1 1 0 1 1 0 0 0 1 1 1 1 1 1 0 1 0 0 1 1 0 1 0 0 1 1 1 1 1 1 0 0 0 1 1 0 1 0 0 1 0 1 1 1 1 0 1 1 1 1 0 0 0 0 0 0 0 1 0 1 1 1 1 0 0 1 0 0 1 1 0 1 1 1 1 0 0 0 1 1 1 0 0 1 1 0 1 1 1 1 1 0 0 0 1 1 1 0 0 0 1 0 0 1
1 1 0 1 0 0 1 1 0 0 1 0 1 1 0 1 0 1 1 0 1 0 0 0 1 1 1 1 0 0 1 0 0 0 1 0 1 1 0 1 1 1 1 1 0 1 1 0 0 0 1 1 1 0 1 0 1 1 1 0 1 1 1 0 0 0 1 1 0 1 1 1 0 0 0 0 0 1 1 1 0 0 0 0 1 1 1 1 0 1 0 0 0 0 0 0 1 1 1 0 0 0 0 0 1 0 1 1 1 0 0 0 1 0 0 1 0 0 0 1 1 0 0 1 0 1 0 0 0 1 0 1 0 0 1 0 1 1 0 1 1 1 0 1 1 1 0 1 0 0 0 0 1 1 0 1 0 1 0 1 0 0 0 0 1 0 1 0 0 1 0 1 1 0 0 0 0 1 0 1 1 0 1 0 0 0 1 0 1 1 1 1 0 0 1 1 0 1 1 0
0 1 0 0 0 1 0 1 1 0 0 0 1 1 1 0 1 1 1 1 0 1 1 1 0 0 1 1 1 0 0 1 1 1 0 0 1 0 1 1 0 0 0 1 0 1 0 0 1 1 0 0 0 0 1 0 1 0 1 1 1 1 0 1 1 0 1 0 0 1 0 1 0 0 1 0 1 1 1 0 0 1 1 1 1 1 0 0 1 1 1 0 1 0 0 1 1 1 0 0 0 0 1 0 0 0 1 0 1 1 0 0 0 1 1 1 0 1 1 1 0 0 1 1 1 1 1 0 1 0 1 0 0 0 0 1 1 1 0 0 0 0 1 1 0 1 0 1 1 0 0 0 1 1 1 0 1 1 0 0 0 0 0 0 1 0 1 1 1 0 1 1 1 1 0 0 0 1 1 1 1 1 1 0 0 1 0 1 1 0 1 0 0 0 0 0 1 1 1 0
0 1 0 1 1 0 1 0 1 1 1 1 0 1 0 1 1 0 0 0 0 1 0 0 0 1 1 0 1 0 1 1 1 0 1 1 0 1 1 1 1 0 1 0 0 1 0 0 0 1 1 1 1 0 1 0 0 1 0 0 1 0 1 1 1 1 0 1 0 0 0 0 1 0 1 0 1 0 0 0 1 1 1 1 0 1 0 0 1 1 0 1 0 1 0 1 1 0 0 1 0 0 1 0 0 1 1 1 1 0 0 1 1 0 0 1 0 0 1 0 0 1 1 1 1 0 0 1 0 1 0 0 0 0 0 0 0 0 1 1 0 1 1 0 1 1 1 0 1 1 0 0 1 1 1 0 0 1 0 0 1 0 0 0 0 0 1 1 0 0 0 0 1 0 1 1 1 1 0 0 1 0 0 0 1 1 0 1 0 0 1 0 1 1 0 0 1 1 1 0
0 0 1 1 1 1 0 1 1 1 0 0 1 0 0 0 1 0 1 0 1 1 0 1 1 1 0 0 0 1 0 0 1 0 0 0 0 0 1 1 1 1 0 0 1 0 1 0 0 1 1 1 0 1 0 1 1 1 1 0 1 0 0 1 1 0 1 1 1 0 1 0 0 1 0 0 0 0 1 1 0 1 1 0 0 0 1 0 1 1 1 0 0 0 0 1 1 1 1 0 0 1 0 0 0 1 1 0 0 0 0 1 1 0 0 0 1 0 1 1 0 1 1 0 0 1 0 0 1 0 1 1 0 0 0 0 0 1 0 0 1 1 0 1 0 0 1 0 0 0 0 0 0 0 0 0 1 1 0 0 0 1 0 1 0 1 1 0 1 0 0 1 1 1 0 1 1 1 1 0 0 0 0 0 0 1 1 0 0 0 0 1 1 0 0 0 1 1 1 1
0 0 0 1 1 0 0 1 1 0 0 1 0 1 0 0 1 1 1 1 1 0 1 0 1 1 0 0 0 1 0 0 0 0 1 1 0 0 0 1 0 1 0 0 1 0 1 0 1 1 1 1 0 0 0 0 0 0 1 1 0 1 0 1 0 0 1 0 0 1 1 0 0 1 1 0 0 1 0 0 0 0 0 0 1 0 1 0 0 1 1 0 0 1 1 1 0 1 1 1 0 1 0 1 0 1 1 0 0 1 1 1 0 1 1 1 0 0 0 0 1 0 1 0 0 1 0 1 1 1 1 1 0 1 1 0 1 0 1 1 1 0 1 1 0 0 1 1 0 0 0 1 1 1 1 1 0 0 1 1 1 1 0 0 0 1 0 1 1 0 1 1 0 1 0 1 0 0 1 1 1 0 1 0 0 0 1 1 0 0 0 1 1 1 1 1 1 1 1 0
0 1 1 0 0 0 1 0 0 1 1 1 0 1 0 0 0 0 0 1 0 0 0 1 0 0 1 0 1 1 0 1 0 0 0 0 1 1 1 0 0 0 0 0 0 1 0 0 1 1 1 1 0 1 0 1 0 0 1 0 0 0 1 0 1 1 0 1 0 0 1 1 0 0 0 0 1 0 1 1 0 0 0 0 1 1 0 1 0 0 0 1 1 1 0 1 0 0 1 0 0 1 0 0 1 1 1 1 1 1 1 0 0 0 0 0 0 0 0 1 1 1 0 1 0 1 0 1 0 1 1 0 1 0 1 1 1 0 0 1 0 1 1 0 0 1 1 0 0 0 1 1 0 1 1 0 1 0 0 0 1 0 1 0 0 0 0 0 1 1 0 1 1 1 0 0 0 1 1 0 1 1 0 1 1 0 1 1 1 1 1 0 1 0 1 1 1 1 1 1
1 1 0 1 1 1 0 0 1 0 0 0 1 0 0 1 1 0 1 1 0 0 1 1 1 0 0 0 1 0 0 0 0 0 1 1 0 0 1 0 1 1 0 0 0 0 0 0 1 1 0 0 1 0 0 0 0 1 1 0 0 1 0 0 1 0 0 0 0 1 0 0 0 1 0 0 1 1 1 1 0 0 1 0 0 1 0 1 0 1 1 1 1 1 0 0 0 1 0 1 0 1 1 0 1 1 1 1 1 0 1 0 1 0 0 0 1 1 1 0 0 1 0 1 0 1 0 1 0 1 0 0 0 1 0 1 1 0 0 0 0 0 1 1 0 0 0 0 1 0 0 0 0 1 0 1 0 1 1 1 0 1 1 1 0 0 1 1 1 0 0 0 0 1 0 0 0 0 1 1 1 1 1 0 1 0 1 0 1 1 1 1 0 1 0 1 0 1 0 1
1 0 0 1 1 0 0 0 1 0 1 0 0 0 0 1 0 1 0 1 1 1 0 1 1 0 1 1 0 1 0 1 1 0 0 1 1 1 1 1 1 0 1 1 1 1 0 1 1 0 0 0 0 0 0 0 0 1 1 1 0 0 0 0 0 0 0 0 0 0 1 1 0 1 0 1 0 1 1 0 0 1 0 1 0 1 1 0 1 0 1 0 0 1 0 1 0 0 1 0 0 1 1 0 1 0 1 0 1 0 1 1 1 1 1 1 0 1 1 0 0 1 1 1 1 0 1 0 1 1 1 1 1 0 1 0 0 1 1 1 1 0 0 0 1 0 0 1 0 1 1 0 1 0 1 1 0 0 1 0 1 0 1 1 0 1 0 0 0 0 1 0 0 0 1 1 0 1 1 0 1 0 0 1 0 1 0 1 1 0 0 0 0 0 1 1 1 0 0 0
0 0 1 1 0 0 0 1 0 0 1 1 1 1 1 0 1 0 0 0 0 1 1 1 0 0 1 1 0 1 0 1 0 0 1 1 1 1 0 1 1 1 0 0 1 1 0 0 1 1 1 0 1 1 1 1 0 1 0 1 0 0 0 1 0 1 0 1 1 0 0 1 1 0 0 0 0 0 0 1 0 1 1 1 1 0 1 1 0 0 0 0 1 0 0 0 1 1 0 1 0 0 1 1 1 1 0 1 0 0 1 0 0 0 1 0 0 0 1 1 0 1 0 1 1 1 0 1 0 0 0 0 0 0 0 1 0 0 0 0 0 0 0 0 1 0 0 1 0 1 0 1 0 0 0 1 0 0 1 1 0 0 0 1 0 1 0 0 0 0 1 0 0 1 1 1 1 0 0 1 1 0 0 1 0 1 0 0 0 1 1 0 0 1 1 0 0 0 1 1
1 0 0 0 1 0 1 0 0 0 0 0 0 0 1 0 1 1 1 0 0 0 0 1 1 1 0 0 0 0 0 1 1 1 0 1 0 0 1 1 1 1 0 1 0 1 0 0 1 0 1 0 0 1 1 0 0 1 1 1 0 0 1 0 1 1 0 1 0 1 0 0 0 0 0 0 0 1 0 1 1 1 0 1 1 0 0 1 0 0 0 1 1 1 0 1 1 1 0 0 0 0 1 0 0 1 0 1 1 0 1 1 1 1 0 1 1 0 1 0 1 1 1 1 1 0 1 1 1 1 0 1 0 0 1 1 1 1 0 0 0 0 0 0 0 0 1 0 1 0 1 1 1 0 0 0 1 0 0 1 1 1 0 1 0 1 1 1 0 1 0 0 1 1 1 0 1 0 0 0 0 1 0 1 0 1 0 1 0 0 1 0 1 0 1 0 0 1 1 1
0 1 1 0 1 0 0 1 1 0 1 0 1 1 0 1 1 0 1 0 0 1 0 1 1 1 0 0 0 1 0 1 1 0 0 0 0 1 1 0 0 0 1 1 1 1 1 0 0 1 0 1 0 0 0 0 1 0 0 0 0 0 1 1 1 1 0 1 0 0 0 0 1 1 0 1 1 0 1 0 1 1 0 1 0 1 1 1 0 0 1 0 0 1 0 1 1 1 0 1 0 0 0 0 1 0 0 0 1 0 1 0 0 0 0 0 1 1 0 0 0 0 0 1 0 0 1 1 0 0 0 0 1 1 0 1 1 1 0 0 1 1 1 0 1 0 1 0 1 1 1 0 0 0 0 1 1 0 0 1 1 1 1 0 1 0 1 1 1 1 0 0 0 0 0 1 0 1 0 0 1 0 0 0 0 1 1 0 0 0 1 0 0 1 1 0 1 1 0 1
0 0 0 1 0 1 0 1 1 0 1 0 1 1 0 0 0 1 0 1 0 1 0 0 1 1 0 1 1 0 1 1 0 0 0 0 0 0 1 1 1 0 0 0 0 1 0 0 0 0 0 1 1 1 0 1 0 0 0 0 1 1 0 0 1 1 1 1 0 1 0 1 1 1 1 1 1 0 0 0 1 0 1 0 0 1 0 1 0 1 1 1 0 0 0 0 1 0 1 1 0 0 0 0 0 0 0 0 1 1 0 0 0 0 1 0 1 1 1 0 1 0 1 0 0 1 0 1 0 1 0 0 1 1 1 0 0 1 0 1 1 1 1 0 0 0 1 0 0 1 1 1 0 0 0 0 0 0 0 0 0 1 1 0 1 0 0 1 1 1 1 1 1 0 1 1 1 1 0 0 0 0 0 1 1 1 1 0 1 1 0 1 0 0 0 0 1 1 0 1
0 0 0 1 1 1 1 0 1 0 1 0 1 1 1 1 0 1 1 0 0 1 1 0 1 1 0 1 0 1 0 0 0 0 0 1 1 1 0 1 1 1 1 1 1 1 1 1 1 1 0 0 0 1 1 0 1 0 0 0 0 0 1 1 0 1 1 1 1 0 1 0 1 1 1 0 1 1 1 1 0 0 0 0 0 1 0 0 1 1 0 0 0 1 0 1 0 1 1 0 1 1 0 1 0 0 1 0 1 1 0 1 1 0 0 1 0 1 0 0 1 1 1 0 1 1 0 1 1 0 1 0 1 0 1 1 1 0 0 1 0 0 0 1 0 1 0 0 1 0 0 1 0 1 1 0 1 0 0 1 0 0 0 1 0 0 0 1 1 1 0 1 0 1 0 0 0 1 0 0 1 0 1 1 0 0 0 0 1 0 0 1 1 0 0 1 0 0 0 0
0 0 0 1 0 0 1 1 0 0 0 0 1 0 0 1 0 0 0 0 0 0 1 1 0 1 1 1 0 1 1 0 1 0 0 0 0 0 1 0 1 0 0 1 1 0 1 0 1 0 1 1 1 0 0 1 0 0 0 1 0 1 1 1 0 1 1 0 0 0 1 0 1 1 0 1 1 0 1 1 1 0 0 0 0 0 0 0 1 0 1 1 0 0 0 0 1 1 1 1 0 0 1 0 0 1 1 1 1 1 0 1 0 1 1 1 0 0 0 1 1 1 0 0 1 0 0 0 0 0 1 0 1 0 0 1 1 1 1 0 1 0 1 1 1 1 1 0 0 1 1 0 1 1 0 1 1 1 0 0 0 1 1 1 0 0 0 0 1 1 1 1 0 0 0 0 1 0 1 0 1 0 1 0 0 1 0 0 1 1 0 0 0 1 0 0 1 1 1 1
1 0 0 1 1 1 1 0 1 0 0 0 0 1 0 1 1 0 1 1 1 0 0 0 1 1 0 1 1 0 0 1 0 0 0 1 1 0 1 0 0 0 1 0 1 0 0 1 0 1 0 1 1 0 0 0 0 0 0 1 1 0 0 0 0 0 0 1 1 1 0 1 0 0 0 0 0 1 0 1 0 0 0 0 1 0 0 1 1 1 1 0 1 1 0 1 0 0 1 1 0 0 1 0 1 1 0 1 0 1 0 0 0 0 0 0 0 1 1 1 0 0 0 1 1 1 1 0 1 0 0 0 1 0 0 0 0 0 1 0 0 1 1 0 0 0 0 0 0 1 0 1 1 0 1 0 1 1 1 1 0 0 0 1 0 0 1 1 1 1 0 1 1 0 1 1 1 1 0 1 0 0 1 0 1 1 0 0 1 0 0 1 0 0 1 1 0 1 1 1
0 1 1 1 1 0 1 1 1 1 1 1 0 1 1 1 1 1 1 1 0 0 0 1 1 0 0 0 1 1 0 1 0 0 1 1 1 1 0 0 1 0 0 1 0 0 0 1 1 0 0 1 1 1 0 1 0 0 1 0 1 0 1 0 0 0 0 0 0 0 1 1 0 1 0 0 1 0 1 0 1 1 0 0 1 1 1 0 0 1 0 0 1 1 0 0 1 0 0 1 0 0 0 1 0 0 0 1 1 1 1 0 0 1 1 1 1 1 1 1 1 0 0 1 1 1 0 1 1 0 1 0 0 0 0 0 1 1 0 0 1 0 1 0 1 0 1 1 1 0 1 0 0 1 0 0 0 1 1 0 1 0 1 1 0 0 1 0 0 0 0 1 1 0 0 0 1 0 1 0 0 1 1 1 1 1 1 0 0 0 1 1 0 1 1 0 0 1 0 1
0 0 0 1 0 0 0 0 1 0 1 0 1 0 0 0 1 0 0 0 0 1 0 0 1 0 0 1 0 1 1 1 0 0 1 0 1 0 0 0 1 0 1 1 0 0 0 1 0 1 0 0 0 0 0 1 0 0 1 0 1 1 0 0 0 0 1 1 1 0 0 1 0 1 0 1 1 0 1 0 0 1 1 0 1 1 0 1 1 1 0 0 0 1 0 1 1 0 0 0 0 0 0 0 0 0 0 0 1 1 1 0 0 1 0 1 0 0 0 0 0 0 0 0 1 1 0 0 0 1 1 1 1 1 0 1 1 1 0 0 1 1 1 1 0 1 0 0 1 1 0 1 1 0 1 1 0 0 1 1 0 1 1 1 0 1 0 1 1 0 1 1 0 0 0 0 0 1 1 1 0 0 1 0 0 1 1 1 0 1 1 1 0 1 0 0 1 1 1 1
0 0 1 0 1 0 1 0 1 1 0 1 1 0 0 0 1 0 0 1 0 0 0 1 1 1 0 1 1 1 0 1 1 1 1 1 1 0 0 1 1 1 1 1 0 0 1 0 0 0 1 0 1 1 1 0 0 1 1 0 1 0 0 1 1 1 0 1 0 0 0 1 0 1 0 0 0 0 1 1 1 1 0 0 0 1 0 1 1 0 1 1 1 0 0 0 0 0 0 1 0 0 0 0 1 0 0 0 0 0 0 1 1 0 1 0 1 0 1 1 1 1 0 1 1 0 0 1 0 1 0 0 1 0 1 1 1 1 0 1 0 0 1 1 1 1 1 0 0 1 1 1 0 0 0 0 0 0 1 0 1 1 0 1 1 1 1 1 0 1 1 0 1 0 1 1 0 1 1 1 1 1 1 1 0 0 1 0 1 1 1 1 0 1 1 0 1 0 0 0
1 0 0 0 1 1 1 0 1 0 0 0 1 0 1 0 0 1 1 1 1 1 1 0 0 1 0 1 0 0 0 0 1 1 0 1 0 1 0 0 1 1 0 0 0 0 0 0 1 0 1 0 0 0 1 1 0 1 0 1 0 1 0 1 0 1 0 0 1 0 0 1 0 1 1 1 0 1 0 0 0 1 1 0 1 0 0 0 1 0 0 1 0 1 0 0 0 0 1 1 1 0 0 1 1 0 0 0 1 0 1 0 0 1 1 0 0 1 0 1 1 0 1 0 1 1 0 1 1 0 0 1 0 1 1 0 1 0 1 0 1 0 1 1 1 1 0 0 1 1 1 1 1 1 0 0 0 0 1 0 1 0 1 1 0 1 0 1 1 0 1 0 0 0 1 0 0 0 0 1 1 0 1 1 1 1 0 1 0 0 0 0 1 1 0 1 1 1 0 0
1 0 0 0 1 0 0 0 1 1 0 0 1 0 0 1 1 1 0 1 1 1 1 1 0 0 1 1 1 0 0 1 0 0 1 0 1 1 0 0 1 1 0 0 1 1 0 0 1 1 0 1 1 1 1 0 1 0 1 0 0 1 0 1 0 1 0 1 1 1 1 1 1 0 0 1 0 1 0 0 0 1 0 1 0 1 0 1 1 0 1 0 1 0 1 0 0 1 0 1 1 0 0 0 0 1 1 1 1 0 0 1 1 0 1 0 0 0 0 0 1 0 1 0 0 0 1 1 1 1 0 1 0 1 0 1 0 1 0 0 0 1 1 0 1 1 1 0 1 0 1 0 0 1 1 1 0 0 1 1 1 0 1 0 1 1 1 1 1 0 1 0 1 0 1 1 1 0 0 0 0 1 1 0 1 0 0 0 0 1 0 0 0 0 0 1 1 1 1 1
1 0 1 0 1 1 0 0 1 1 0 1 1 0 1 0 1 1 1 1 0 0 0 0 1 0 1 1 1 0 0 1 0 1 0 0 1 1 1 1 0 0 1 1 1 0 1 1 0 1 0 0 1 0 1 0 0 0 0 0 0 0 1 1 1 0 0 0 1 1 1 0 1 0 1 1 1 1 0 1 0 0 0 0 1 1 1 0 0 1 0 1 1 0 0 0 1 0 1 0 1 0 0 1 1 1 0 0 0 1 0 0 1 0 0 0 1 1 1 0 0 1 1 1 1 1 0 1 0 0 1 0 1 1 1 1 1 0 1 0 0 1 0 1 1 0 0 0 0 1 1 1 1 0 1 0 1 0 0 0 0 1 0 1 0 0 1 1 0 0 1 1 0 1 0 1 1 1 0 1 0 0 0 1 1 1 1 0 1 1 0 1 0 1 1 0 0 0 0 1
1 0 0 0 0 0 1 0 0 0 1 1 0 1 1 0 1 0 1 1 1 0 0 0 0 0 0 1 0 1 1 1 1 1 1 0 1 0 0 1 1 1 1 1 1 1 1 1 0 0 0 1 1 0 1 1 1 0 1 1 1 0 1 1 1 0 0 0 1 1 0 0 0 0 0 1 0 0 0 1 0 1 0 0 0 1 0 0 1 0 0 1 1 0 0 1 0 1 1 1 0 1 1 1 0 1 1 1 0 1 0 1 0 0 1 0 1 1 1 1 0 0 0 0 1 1 0 1 0 1 0 0 1 1 1 1 1 1 0 1 1 0 1 1 0 0 1 0 0 1 1 1 1 1 0 1 0 1 0 1 1 1 1 1 0 0 0 0 0 1 0 1 1 0 1 1 0 0 0 1 1 1 1 1 1 0 1 0 1 1 1 0 0 0 1 0 1 0 1 0
1 0 0 0 0 1 1 0 1 0 0 0 1 1 1 1 0 1 1 1 0 1 0 1 0 1 1 0 0 1 0 0 1 0 1 1 0 1 0 1 1 0 1 0 1 0 0 0 1 0 0 1 1 0 1 1 1 1 1 0 1 1 1 1 1 1 0 0 1 1 0 0 0 1 0 1 0 1 1 1 1 0 0 0 0 0 1 0 0 0 1 0 0 1 0 1 0 0 0 1 1 0 1 0 1 1 0 0 1 1 1 1 1 1 1 0 0 0 1 1 1 1 1 0 0 1 0 0 1 0 0 0 1 1 1 1 1 0 0 1 1 0 1 0 1 1 1 0 0 0 0 0 1 1 0 0 1 0 1 0 1 1 0 0 0 1 1 0 0 0 1 1 0 0 1 0 1 1 1 0 1 0 0 0 1 1 0 1 1 1 0 1 0 1 0 1 0 1 1 0
0 0 1 0 1 1 0 0 0 0 0 1 1 1 1 0 0 1 0 0 0 1 0 1 0 0 0 1 0 0 1 1 1 0 0 0 1 1 0 1 1 1 1 0 0 1 0 1 0 0 0 0 1 1 1 1 1 0 0 1 1 0 1 0 0 1 0 0 1 0 1 1 0 0 0 0 0 1 1 0 1 0 0 0 1 1 1 1 1 0 0 0 0 0 0 1 0 0 1 1 0 1 0 0 1 0 1 1 1 0 0 0 0 0 1 0 1 0 1 0 0 0 0 1 0 1 1 0 0 0 1 0 1 1 0 0 0 0 0 0 1 0 0 0 0 1 1 0 0 0 0 1 1 1 0 0 0 0 1 1 1 1 0 0 1 0 1 0 0 0 1 0 1 1 1 0 0 0 0 0 0 0 1 1 1 0 1 0 0 1 1 0 0 1 1 0 1 0 0 0
1 1 0 1 0 0 1 1 1 1 1 0 0 1 1 0 0 1 1 1 0 1 0 0 1 1 1 1 1 1 1 0 1 0 0 0 0 1 1 1 0 1 0 0 0 1 0 0 0 1 0 1 1 0 1 1 0 1 0 0 1 1 0 1 0 0 1 0 0 0 1 0 0 1 0 1 1 0 1 1 1 0 1 1 1 0 1 1 0 1 1 0 1 0 1 1 0 0 0 1 0 1 0 0 0 1 1 1 1 1 0 1 0 0 1 1 0 1 0 0 1 0 0 1 1 0 0 0 1 1 0 1 0 0 0 1 1 0 1 0 1 1 0 0 0 0 0 1 1 1 1 0 0 1 1 0 0 0 0 0 0 0 0 0 1 0 1 0 1 1 0 1 0 0 1 1 1 1 1 1 0 0 1 0 0 1 0 0 0 1 0 1 1 1 1 0 0 1 0 0
0 1 0 0 1 1 0 0 0 0 1 0 1 1 0 0 0 0 0 0 0 0 0 0 0 0 0 1 0 0 0 0 0 0 0 0 1 1 0 0 1 1 1 0 0 0 0 1 0 0 1 1 1 0 0 0 0 0 0 0 0 1 0 0 0 0 0 1 1 0 1 0 1 0 1 0 0 0 0 1 1 1 1 0 1 1 0 1 1 1 0 0 1 0 0 1 1 0 0 1 1 0 0 0 0 0 0 1 0 1 1 1 1 1 1 0 1 1 1 0 0 1 0 0 0 1 1 1 1 0 1 1 1 1 1 1 1 1 0 1 1 0 1 1 0 0 0 0 1 1 0 1 0 1 0 1 0 0 0 0 0 1 1 0 1 1 1 1 1 1 0 0 0 1 1 1 0 0 1 0 0 0 0 0 0 0 0 0 0 0 1 1 1 0 0 1 0 1 1 0
1 1 1 0 1 1 0 0 0 1 1 0 1 0 0 1 0 0 0 0 1 1 1 0 1 1 0 0 0 1 0 0 0 1 1 0 0 1 1 0 1 0 1 0 1 1 1 0 0 1 1 0 1 1 0 0 1 0 1 0 0 1 0 1 0 0 0 0 1 0 1 0 1 1 0 0 0 1 0 1 1 0 1 1 1 1 1 0 0 1 0 0 0 1 0 1 0 0 0 1 0 0 0 1 0 1 1 0 1 0 1 1 0 0 0 0 1 0 1 1 0 1 0 0 1 1 0 0 0 0 1 1 1 1 0 1 1 0 1 0 0 0 1 1 0 0 1 1 0 1 1 1 1 0 0 0 1 0 1 1 1 1 1 0 0 0 1 0 0 1 1 1 1 1 1 0 1 1 1 0 1 1 1 0 0 1 0 1 0 0 0 1 1 1 0 0 1 1 1 0
0 1 1 1 0 0 1 0 1 1 1 1 0 0 0 1 0 1 0 0 0 1 0 0 0 1 0 0 1 0 1 0 0 0 1 0 1 0 1 1 1 0 1 1 1 0 1 1 0 0 0 0 0 0 0 0 0 0 1 0 1 1 0 0 0 1 1 1 1 1 0 0 1 0 0 1 0 0 0 0 0 1 0 1 1 0 1 0 0 0 1 0 0 0 0 1 0 0 1 1 0 1 0 1 1 0 0 1 1 0 0 0 1 0 0 0 0 1 0 1 1 0 1 1 0 1 1 0 1 0 1 0 1 0 0 0 0 1 1 0 0 1 1 0 0 0 1 1 1 1 0 0 0 0 1 1 1 1 0 0 1 0 1 0 0 1 0 0 0 0 1 1 0 1 0 1 1 1 0 0 0 1 0 0 0 1 1 0 0 1 0 1 0 0 1 0 0 1 0 1
0 1 1 0 1 1 0 0 0 1 1 1 0 1 1 1 0 0 1 0 1 0 0 0 1 1 0 0 1 0 0 1 0 0 1 0 0 1 0 1 1 1 1 0 1 0 1 0 0 1 0 0 0 0 0 1 0 1 1 1 0 0 1 1 1 1 0 0 1 0 1 1 1 1 0 1 1 0 0 1 0 1 0 1 0 1 0 0 0 0 0 0 1 1 0 1 0 1 1 1 0 1 1 1 1 1 1 0 1 1 1 1 0 1 0 1 1 0 0 1 1 0 1 0 0 1 1 0 0 0 1 1 0 0 1 1 1 1 0 0 1 0 0 0 1 0 0 0 0 1 1 1 1 0 0 1 0 0 0 1 0 1 1 1 0 1 0 0 0 0 0 1 1 0 0 1 1 0 1 1 0 1 1 0 0 1 1 1 1 1 1 1 0 1 1 0 1 0 1 1
0 0 0 1 0 1 1 1 1 1 1 1 1 1 0 1 0 0 0 0 1 0 0 0 1 0 1 1 0 1 1 1 1 0 1 1 1 0 0 0 0 1 0 1 0 1 0 0 1 0 0 0 1 1 1 0 1 1 1 0 0 1 0 0 1 0 0 0 1 1 1 0 1 1 1 0 0 0 1 1 0 0 0 1 0 1 1 0 0 1 0 1 0 0 1 0 0 1 0 1 0 1 0 0 0 0 1 0 1 0 0 1 1 1 1 1 0 0 1 0 1 1 0 0 0 0 1 1 1 0 0 0 1 0 1 0 1 0 1 1 1 0 0 0 0 1 1 0 0 0 0 1 1 1 1 1 0 1 1 1 1 1 1 1 1 0 1 0 1 1 1 0 1 0 0 0 0 1 0 1 1 1 1 0 0 0 0 0 0 0 0 0 1 1 0 1 0 1 1 0
0 1 0 0 0 0 1 0 1 1 0 1 1 0 1 1 0 0 0 1 0 1 0 0 1 1 0 0 0 1 1 1 1 0 0 0 1 1 1 0 0 1 1 0 0 0 0 1 1 1 0 1 1 1 0 0 1 0 0 0 0 1 1 0 0 1 1 1 0 1 0 1 0 1 0 0 1 1 1 0 1 0 0 1 1 0 0 1 1 0 1 0 0 1 0 1 0 1 0 0 0 1 1 1 1 1 1 0 1 0 1 0 1 1 1 0 0 0 1 0 0 0 1 0 1 1 0 0 1 1 1 0 0 1 1 1 0 0 0 0 1 0 0 0 1 1 0 0 0 1 1 0 0 1 1 1 1 1 1 0 0 1 0 0 0 0 0 1 1 1 1 0 1 0 0 0 1 0 1 0 1 0 1 1 1 0 1 0 1 0 0 1 0 0 1 1 0 0 1 0
1 1 0 1 0 1 0 1 0 1 0 1 0 1 0 1 1 1 0 1 0 1 0 0 0 1 1 0 0 1 0 1 1 1 0 1 1 0 0 0 1 1 0 1 1 0 0 1 1 1 0 1 0 0 1 0 1 1 0 1 1 1 0 1 1 0 1 1 1 0 0 1 0 1 0 0 0 0 0 0 1 1 0 1 0 0 0 0 1 1 0 1 0 0 1 1 0 1 1 1 1 0 0 1 1 1 0 1 0 0 1 1 0 0 0 1 1 0 1 0 0 1 1 0 1 0 0 0 1 1 1 0 0 1 1 1 0 1 1 1 1 0 0 0 1 1 1 0 1 1 1 1 0 0 0 1 1 1 0 0 0 1 1 1 0 0 1 1 0 1 0 1 0 1 0 1 0 0 1 0 1 1 1 0 1 0 1 1 1 0 1 0 1 1 0 0 0 1 0 1
1 1 0 1 1 0 1 0 0 0 1 1 1 1 0 0 1 0 1 1 0 1 0 0 0 1 0 1 0 0 0 0 1 1 1 1 0 1 0 1 1 1 0 0 1 1 1 0 1 1 0 1 1 0 1 0 1 0 1 1 1 0 0 0 0 1 0 1 1 1 0 0 1 1 1 1 0 0 1 0 0 1 1 0 1 0 1 1 1 0 0 1 0 1 1 0 0 1 0 1 0 0 0 1 1 0 1 0 1 1 0 1 1 1 0 1 0 1 1 1 0 0 1 0 1 0 1 1 0 0 1 0 0 1 1 0 0 1 0 0 1 1 1 0 1 1 0 0 0 0 0 1 0 1 1 0 0 1 0 0 1 1 1 0 1 0 1 0 1 0 0 0 0 1 1 0 1 0 0 0 0 0 0 1 1 0 0 1 1 0 0 1 1 0 0 1 1 0 1 1
0 0 1 0 1 1 0 1 0 1 0 1 0 1 0 0 0 0 0 0 0 1 0 1 0 1 1 0 1 0 0 1 0 0 1 1 1 0 0 1 0 1 0 1 1 0 1 0 0 1 1 1 1 1 0 1 1 1 0 1 0 0 1 0 1 1 1 1 0 0 1 0 0 1 0 1 1 0 0 0 1 1 1 0 0 0 0 0 0 1 1 1 0 1 0 1 1 0 1 0 1 1 1 1 0 0 0 0 1 0 0 0 0 0 1 0 1 0 0 0 0 0 1 0 1 0 0 1 0 0 1 0 1 0 1 1 1 1 0 1 0 0 0 0 1 0 0 0 0 1 1 0 1 0 1 0 0 1 1 1 0 1 0 1 0 1 1 0 0 0 1 0 0 1 1 0 1 1 0 0 0 1 1 1 1 1 1 0 1 0 1 1 0 0 1 1 0 1 0 1
1 1 1 0 0 0 0 0 0 1 0 0 0 1 0 0 1 0 0 0 1 0 0 1 0 1 0 0 1 1 1 1 0 1 1 1 0 0 0 0 0 1 1 1 1 0 1 1 1 1 0 1 0 0 0 1 1 1 0 1 0 0 1 1 1 0 0 0 1 0 1 1 1 0 0 1 0 1 0 0 1 1 1 0 0 1 0 1 0 1 0 1 0 1 1 1 0 0 1 1 0 1 0 1 1 1 1 1 1 0 0 1 0 0 0 0 0 1 0 0 0 1 1 0 0 1 1 0 0 1 0 1 0 0 0 1 0 0 0 0 0 1 0 0 1 0 0 0 1 1 1 1 1 1 1 1 1 0 0 0 1 0 0 0 1 1 0 1 0 1 1 0 0 0 0 0 1 0 0 1 1 0 1 1 1 0 0 1 1 0 0 0 1 0 0 0 0 0 0 1
0 0 0 1 0 0 1 1 0 1 1 0 0 0 1 0 0 0 1 0 0 0 1 1 0 0 0 1 1 0 0 0 1 1 1 1 0 1 1 0 0 0 1 1 0 0 1 0 0 1 0 1 0 1 1 0 0 1 0 1 0 1 0 1 0 1 0 1 1 0 0 1 1 1 1 1 0 1 0 0 0 0 0 1 0 1 0 0 1 0 1 0 0 1 0 1 0 1 1 1 1 0 1 1 0 0 0 1 0 0 0 0 0 0 0 1 1 0 0 0 0 1 1 1 0 0 0 0 1 0 0 1 0 0 0 0 1 0 0 1 0 1 0 1 1 1 0 1 1 0 0 1 0 0 0 1 1 1 1 0 0 1 0 0 0 1 1 0 0 0 0 1 1 1 1 1 1 1 0 0 0 0 1 0 0 1 0 0 0 0 1 1 0 1 1 0 0 0 0 1
1 1 1 0 0 0 0 1 1 0 1 1 1 0 0 1 1 0 1 1 0 1 0 0 1 0 0 0 1 1 1 1 1 0 1 0 0 0 0 1 0 0 0 1 0 1 0 0 1 0 1 0 1 1 1 1 0 1 1 0 1 0 1 0 0 1 1 0 0 0 0 1 1 1 1 1 0 1 0 1 0 0 0 0 0 0 1 1 0 0 1 0 1 1 1 0 0 0 1 0 1 1 0 1 1 0 0 1 1 0 0 0 0 0 0 0 0 0 1 0 1 0 0 1 1 1 1 0 0 1 0 1 0 0 0 1 1 0 1 0 1 1 0 1 0 1 0 1 1 1 0 1 0 1 1 0 1 0 1 0 0 1 0 1 1 1 1 0 0 0 0 0 0 0 1 0 1 1 1 0 0 0 1 1 1 0 1 1 0 0 1 1 1 1 0 1 0 0 0 1
0 1 0 1 1 0 0 0 1 0 1 1 1 1 1 1 0 0 0 1 1 0 1 1 0 1 1 1 0 1 1 1 0 0 1 1 0 0 0 1 1 1 0 0 1 1 0 0 1 0 0 0 1 0 0 1 0 1 0 1 1 0 1 1 0 1 1 1 0 1 1 0 1 1 0 1 1 0 0 0 0 0 1 0 1 1 1 0 1 1 1 1 0 0 0 1 1 1 1 0 0 1 0 1 1 1 0 0 1 0 1 0 0 1 0 1 1 0 1 1 0 0 0 0 0 0 1 0 0 0 1 1 0 0 0 0 1 0 0 0 0 0 0 1 1 0 1 1 0 1 1 1 1 0 0 0 1 1 1 1 1 1 0 1 0 1 1 1 0 0 0 0 1 1 0 0 0 0 1 1 0 1 0 1 1 0 1 1 0 0 1 1 0 1 1 0 1 0 0 1
1 0 0 0 0 1 0 0 1 1 0 0 1 1 1 1 0 0 0 0 1 1 0 0 1 0 0 1 0 0 0 0 1 1 1 0 1 0 0 1 0 1 0 1 0 1 1 1 1 1 0 1 1 1 0 1 1 0 0 1 1 0 1 1 1 0 0 1 1 0 1 1 1 1 1 1 0 1 1 0 0 0 0 0 0 0 0 0 0 0 1 0 0 1 0 0 0 1 1 1 0 0 0 1 0 0 0 0 0 0 1 1 0 0 0 1 1 0 1 1 0 1 0 0 0 0 0 1 1 0 1 1 1 0 0 1 1 0 0 1 1 1 1 0 1 1 1 0 1 1 1 0 1 0 1 1 1 1 0 1 1 0 0 0 0 1 0 1 1 0 1 0 1 1 1 0 0 1 0 1 0 1 0 1 0 0 1 0 1 1 1 0 0 1 1 0 0 0 0 0
1 1 0 0 0 0 0 0 1 1 1 1 1 1 1 1 0 1 1 0 0 0 1 1 1 1 0 1 0 1 1 0 1 1 1 1 1 0 1 1 1 0 1 1 1 1 1 0 0 1 1 1 1 1 1 0 1 1 0 1 0 0 0 0 0 1 0 1 1 1 1 1 0 1 0 0 1 1 1 1 0 1 1 1 1 1 1 0 0 1 1 0 1 0 0 0 0 0 0 1 1 1 1 1 0 0 1 0 0 1 1 0 0 0 1 1 0 0 0 1 1 0 1 1 0 0 0 0 0 1 1 0 0 0 0 1 0 1 0 1 1 0 1 1 0 0 0 0 1 1 1 1 1 0 1 0 1 0 0 0 1 1 0 1 0 0 0 0 0 1 1 0 1 1 0 0 0 0 0 1 0 1 0 1 1 1 1 1 1 0 1 0 1 1 0 1 0 1 1 1
0 0 1 1 0 1 0 0 1 0 1 1 1 0 0 0 0 1 1 0 0 0 1 0 0 1 0 1 1 0 0 1 0 1 1 0 0 0 0 1 1 0 1 1 0 1 0 1 0 0 0 0 0 1 1 1 1 0 0 0 0 1 0 1 1 1 0 0 0 0 1 0 1 1 0 1 1 1 1 1 1 1 1 0 0 1 0 0 0 0 1 1 0 0 1 0 0 1 0 1 0 1 1 0 1 0 1 1 0 0 0 0 0 1 0 0 0 0 0 0 1 1 0 0 0 0 0 1 0 1 0 0 0 0 0 1 1 1 0 1 1 0 0 0 1 0 0 0 0 1 1 0 1 0 1 0 0 1 0 1 0 1 1 1 1 0 0 1 0 1 1 0 1 1 0 1 0 1 1 0 1 0 1 0 1 0 0 0 0 1 1 0 1 0 0 1 0 1 0 1
1 1 1 0 0 1 0 1 0 0 0 1 0 0 1 0 1 1 0 0 0 1 0 0 1 1 1 0 0 0 0 0 0 1 1 1 0 1 1 0 1 0 0 1 0 1 0 1 1 0 1 0 0 0 1 0 1 1 1 0 1 0 0 1 0 1 1 0 1 0 1 0 0 0 0 0 0 0 0 1 1 1 1 1 0 1 1 0 0 0 0 1 0 0 1 1 0 1 1 1 1 0 0 1 0 0 1 0 0 1 0 0 0 1 0 0 1 1 0 1 1 0 1 0 0 1 1 0 0 0 0 0 1 1 1 1 0 0 0 1 0 0 0 0 1 0 0 1 1 0 1 1 1 1 0 0 0 1 1 0 0 1 1 1 0 0 1 0 1 1 1 0 0 1 0 0 0 0 1 1 0 0 1 0 0 0 0 1 0 1 0 1 1 1 0 1 1 1 0 1
1 0 1 0 0 1 1 1 1 1 0 0 1 1 1 0 0 1 0 1 1 1 1 1 0 1 0 0 1 1 0 0 1 1 0 0 1 1 0 1 0 1 1 1 0 0 1 1 1 0 0 0 0 1 1 0 1 1 1 0 1 0 0 1 1 0 0 1 0 1 1 0 0 1 1 0 1 0 1 1 1 1 0 1 1 0 1 1 1 1 1 1 0 1 0 1 1 0 1 0 1 0 0 1 1 0 1 1 1 1 1 1 0 0 1 0 0 0 0 1 0 0 1 1 1 0 0 1 0 0 1 1 1 0 0 1 1 1 1 1 0 0 1 0 0 1 1 0 0 0 0 0 1 1 0 0 1 0 0 1 0 1 1 0 0 1 1 1 0 1 0 0 0 0 0 0 0 0 0 1 1 1 1 1 1 1 1 0 1 0 0 0 1 1 1 1 1 0 0 0
1 1 0 0 0 0 0 1 1 0 1 1 1 0 1 1 0 0 0 1 1 0 0 1 1 0 1 1 1 0 1 0 0 1 1 0 1 0 1 1 0 0 0 0 0 0 1 0 0 0 1 0 1 1 0 1 1 1 1 0 1 0 1 1 1 1 0 1 1 1 0 1 0 0 1 0 1 0 1 0 0 0 0 0 0 1 0 1 1 0 1 0 0 0 0 0 1 1 0 1 1 0 1 1 1 0 0 1 1 0 1 1 1 0 1 1 0 1 0 1 0 1 0 0 0 1 0 0 1 1 0 1 0 1 1 1 0 0 0 1 0 1 0 0 0 0 1 0 1 0 0 1 0 1 0 1 1 1 1 0 1 0 1 1 0 1 1 1 0 0 0 1 0 1 1 0 1 1 0 0 1 1 0 0 0 1 0 0 0 1 1 0 0 1 1 1 1 1 1 0
1 1 0 0 1 0 1 1 0 1 1 0 0 0 1 1 0 0 1 0 0 1 0 1 0 0 0 1 0 1 0 0 1 0 1 1 0 1 0 0 1 0 1 0 1 0 1 1 0 1 1 0 0 1 1 0 0 0 0 0 0 1 1 1 1 1 0 1 1 0 1 1 0 0 0 1 0 1 1 1 0 0 1 1 1 0 0 1 1 1 1 0 0 0 0 1 0 1 1 0 0 1 0 0 0 1 0 1 1 1 0 1 0 1 1 0 1 0 1 1 1 1 1 1 0 1 0 0 1 1 1 0 1 0 1 0 1 0 1 0 1 0 0 1 0 0 1 0 1 1 1 1 1 0 1 1 0 1 0 0 0 1 0 1 0 0 1 1 1 1 0 0 0 0 0 0 1 0 0 0 0 1 1 0 1 1 1 0 1 1 0 0 0 1 1 1 1 1 1 0
0 0 0 0 1 1 1 0 0 0 0 1 0 0 1 0 0 0 0 1 1 1 0 1 0 1 0 0 0 1 0 0 1 1 0 1 1 1 0 1 1 1 1 0 1 1 1 0 1 1 0 1 0 1 0 0 1 1 1 0 1 1 0 1 1 0 0 0 1 0 1 1 0 0 0 1 0 0 0 1 1 0 0 1 1 0 0 0 1 1 1 0 0 0 0 0 0 0 1 0 0 1 0 0 0 0 0 0 0 1 1 1 0 1 1 0 0 1 0 0 1 1 1 1 0 0 0 0 1 0 1 0 0 0 1 0 0 0 0 0 0 1 0 1 1 1 1 0 1 0 1 0 1 0 1 0 1 0 0 0 1 1 1 0 0 0 0 1 0 0 1 1 0 1 0 1 1 0 1 1 0 1 1 1 1 1 1 1 1 0 0 0 1 0 1 0 1 1 1 0
0 0 0 0 0 1 0 0 0 1 0 1 0 0 0 1 0 1 1 1 0 0 1 0 1 0 1 1 0 1 0 1 0 1 1 1 0 1 0 0 1 1 0 1 1 0 1 0 1 0 0 1 0 0 0 0 1 1 1 0 1 0 1 1 1 1 1 1 0 1 0 1 0 0 1 1 0 1 0 0 1 0 1 0 1 0 1 1 0 0 1 0 1 0 1 1 1 0 0 1 1 1 0 0 1 1 1 0 1 0 0 1 0 0 1 0 0 0 1 0 1 0 0 0 1 1 0 0 1 1 0 0 1 0 1 0 1 1 1 0 1 0 1 1 1 0 1 0 0 0 1 1 1 1 0 0 0 1 1 0 1 0 1 0 1 0 0 1 1 0 0 1 1 0 0 0 0 0 1 0 0 0 1 0 1 1 0 0 1 1 0 0 0 0 1 0 0 0 0 0
0 0 0 0 0 0 0 0 0 0 0 0 1 0 1 1 0 1 1 0 1 1 0 1 0 1 1 0 1 1 0 0 1 0 1 1 1 1 0 0 1 0 0 1 0 0 1 1 1 0 0 1 0 1 1 0 0 1 0 0 1 0 1 1 1 0 0 1 0 1 0 0 0 0 1 0 0 1 1 1 0 1 0 0 1 1 0 1 1 0 1 0 0 0 0 0 1 0 0 1 1 0 0 1 1 1 1 0 0 0 1 1 0 1 0 1 0 0 1 0 1 1 0 0 1 1 0 1 0 1 1 1 0 0 1 1 1 0 0 0 1 0 1 0 0 0 1 0 1 0 0 0 1 0 0 0 0 1 0 0 0 0 1 1 0 1 1 0 1 0 0 0 1 1 0 0 1 1 1 0 0 1 0 0 1 1 1 0 0 0 0 1 0 1 0 0 1 1 0 1
1 1 0 0 1 1 1 1 1 1 0 1 1 1 0 0 1 1 0 0 0 1 1 1 1 1 0 0 1 0 0 0 1 1 1 1 1 0 0 0 1 1 1 0 1 0 1 0 0 0 1 0 1 0 0 1 0 1 1 0 1 0 1 1 1 1 1 1 1 1 0 1 1 1 0 0 0 0 1 1 0 1 0 1 1 1 1 0 0 1 0 0 0 0 0 1 1 0 0 1 1 0 0 1 0 0 0 0 0 0 1 0 1 0 0 0 1 1 1 1 0 1 1 0 0 0 0 0 1 1 1 0 1 1 0 1 0 1 0 0 1 1 0 1 1 0 0 0 0 1 1 1 1 1 1 1 1 0 1 1 0 0 1 1 0 1 1 0 1 0 0 1 0 0 1 0 1 0 0 0 0 0 0 1 0 0 1 0 0 0 1 0 1 0 1 1 1 1 0 0
1 1 1 1 0 0 1 0 0 0 1 0 1 1 0 1 0 1 0 0 0 0 1 0 0 0 0 0 1 1 1 0 0 0 1 0 1 1 1 1 1 0 0 1 1 0 1 0 1 1 0 0 0 0 0 1 0 0 1 0 1 0 1 1 1 0 0 0 1 0 0 1 0 0 0 0 1 0 0 0 1 1 0 0 1 0 0 0 0 0 0 1 1 1 1 1 0 0 1 0 0 1 1 1 1 0 1 1 1 1 0 0 0 1 1 0 1 0 0 0 0 0 0 0 0 0 0 0 0 1 0 1 0 1 1 0 1 1 1 1 0 1 1 0 0 0 0 1 0 0 1 1 1 0 1 0 1 1 0 1 1 1 0 0 0 0 0 1 1 1 1 1 0 0 1 1 0 0 0 1 0 1 0 0 1 0 0 0 1 1 0 1 0 0 0 0 0 1 0 1
1 1 0 0 1 0 0 0 0 1 0 1 0 0 0 1 0 1 1 1 1 1 1 1 0 0 0 0 1 0 1 1 1 0 0 1 1 0 1 1 1 1 0 0 0 1 1 0 1 0 0 1 0 1 0 1 1 1 1 1 1 0 0 0 1 1 0 1 0 0 0 0 0 0 1 0 1 0 0 0 1 0 1 0 0 1 1 1 0 1 0 1 0 0 0 0 1 0 0 1 1 1 1 0 1 1 0 0 1 0 1 1 0 0 0 1 0 1 1 1 0 1 0 0 1 1 0 1 0 0 0 0 0 0 0 1 1 0 0 0 0 0 0 0 0 0 0 0 0 0 1 0 1 1 1 1 1 0 0 1 0 0 1 1 0 1 0 0 0 0 0 1 1 1 1 0 0 0 1 0 0 0 1 0 1 0 0 1 0 1 1 0 1 0 1 0 0 0 0 1
0 0 1 1 1 0 1 0 1 1 0 0 1 1 1 0 1 0 0 0 1 0 0 0 0 1 0 1 1 1 1 1 1 1 1 0 1 1 0 0 1 0 1 1 1 1 1 0 1 1 1 0 1 0 0 0 1 1 1 0 1 0 0 0 1 1 0 0 0 1 1 0 1 0 1 0 0 1 0 0 1 1 0 0 1 0 1 1 0 1 1 1 1 0 1 1 1 1 1 0 1 1 1 1 1 1 0 0 1 1 1 1 1 1 1 1 1 1 0 1 0 0 1 1 1 0 0 1 1 0 1 0 1 0 0 0 0 1 0 1 1 1 0 0 0 1 1 0 0 0 1 1 0 0 1 0 1 1 1 1 1 1 1 0 1 1 1 0 1 0 1 0 0 1 1 1 0 0 0 1 0 0 0 0 1 1 0 1 1 0 0 0 1 0 0 0 1 0 1 0
0 0 1 1 1 1 1 1 0 1 0 0 1 0 1 1 1 0 0 0 1 1 0 1 1 0 1 0 1 0 0 1 1 0 0 1 1 0 0 0 0 1 0 0 0 1 0 0 0 1 1 0 0 1 1 0 0 0 1 1 1 1 0 1 0 1 1 1 1 1 0 0 0 0 0 1 1 1 0 0 1 0 1 0 0 1 1 0 0 1 1 0 0 1 1 1 1 0 1 0 1 0 0 0 0 1 1 0 0 0 0 0 0 1 0 1 1 0 0 1 0 1 1 0 1 0 1 1 0 0 0 1 1 1 0 0 1 1 1 0 0 1 1 1 1 1 0 1 1 0 1 0 1 1 1 1 1 0 1 1 1 0 1 1 1 0 0 0 1 0 1 0 0 1 0 1 0 0 0 0 1 1 0 0 1 1 1 1 1 0 1 0 0 1 1 0 0 1 0 0
1 0 1 0 0 1 1 0 0 1 0 1 1 0 1 0 1 0 1 1 1 0 0 1 0 1 0 1 1 0 1 1 0 0 1 0 0 0 0 1 1 1 0 0 1 0 0 1 1 0 1 0 0 0 0 1 0 0 0 0 1 0 0 0 0 1 0 0 0 0 1 0 1 1 0 0 1 1 1 1 1 1 1 1 0 1 1 1 0 1 1 1 0 1 1 1 1 0 0 0 1 1 0 1 0 1 1 0 1 0 1 0 1 1 1 1 1 0 0 1 1 1 1 0 1 0 1 0 1 0 0 1 1 0 1 1 1 0 1 1 1 1 0 1 0 0 1 0 1 1 1 1 0 0 1 1 0 0 0 0 0 1 1 1 1 0 1 0 1 0 1 1 1 0 1 1 1 1 0 0 1 0 0 1 0 1 0 1 1 0 0 0 1 1 0 0 1 1 1 1
1 0 1 0 1 1 0 1 0 1 1 0 0 0 1 0 1 1 0 1 0 0 1 0 1 0 0 1 1 1 1 0 0 1 0 1 1 0 1 0 0 0 1 1 0 0 0 1 0 0 1 1 1 0 1 1 1 0 0 1 0 0 1 0 0 1 0 1 0 1 0 0 0 1 0 1 0 0 1 1 0 1 0 0 1 1 0 0 1 0 0 1 0 1 1 0 0 1 0 0 0 0 0 1 1 1 1 1 0 0 1 1 0 1 0 0 1 1 1 1 1 0 0 0 1 1 0 0 1 0 1 1 0 0 0 1 1 0 0 1 1 1 0 0 1 0 0 0 0 1 0 0 1 0 0 1 0 0 1 1 1 0 0 0 1 1 0 1 1 1 1 0 1 1 0 0 0 1 1 0 0 1 0 0 0 0 0 1 0 0 0 0 1 0 0 0 0 1 0 0
1 1 0 1 1 0 1 1 1 0 0 0 1 1 0 1 0 1 1 0 0 0 0 1 1 0 1 1 0 1 1 0 1 1 0 1 1 0 1 1 0 1 0 1 1 0 1 1 1 1 0 1 1 1 1 0 1 0 1 0 0 0 1 0 0 0 0 1 1 1 0 0 1 0 0 0 1 0 1 0 1 0 1 1 1 1 1 0 1 1 0 0 1 1 0 1 0 1 0 1 1 1 0 1 1 1 1 1 1 0 0 1 0 1 1 1 1 1 0 1 1 1 0 1 0 0 1 1 1 0 0 0 1 1 0 1 0 0 1 0 0 1 0 0 1 1 0 1 1 0 0 1 1 0 1 1 0 0 1 0 0 1 0 1 0 1 1 0 1 1 1 1 0 1 1 0 1 1 0 0 1 0 0 0 1 0 1 1 1 1 0 0 1 0 1 0 0 1 1 0
1 1 0 1 1 0 0 1 0 0 1 0 0 1 1 0 1 1 0 1 0 0 0 0 1 0 0 0 0 0 1 0 0 1 1 0 1 0 1 0 1 1 1 0 1 1 0 0 0 1 1 1 0 0 1 1 0 1 1 1 1 1 1 1 1 0 0 0 0 0 0 0 0 1 1 1 1 0 0 1 1 1 1 1 0 0 0 0 1 0 0 0 0 0 0 0 0 1 0 1 0 1 1 0 1 1 0 0 0 0 1 1 1 1 0 1 0 0 1 1 1 0 1 0 0 0 0 0 0 0 1 1 0 1 1 1 0 0 0 1 1 1 1 1 0 1 0 1 0 1 1 1 1 1 1 1 0 0 1 0 0 0 1 0 0 0 0 0 1 0 1 1 1 0 1 1 1 0 1 1 0 0 1 0 0 0 0 1 1 1 0 0 0 0 0 1 0 1 0 0
0 0 1 0 1 0 1 1 0 0 0 0 1 1 0 1 1 0 0 1 1 1 1 1 1 0 0 1 1 0 0 0 1 1 1 1 1 0 1 1 1 0 0 0 0 1 0 0 0 1 0 0 0 0 1 1 1 1 0 1 0 0 0 0 1 1 0 1 0 1 1 1 0 0 0 0 1 0 1 0 0 1 0 1 0 1 0 0 0 0 1 0 0 0 1 1 0 1 1 1 0 1 1 0 1 0 0 1 1 0 1 0 0 0 1 0 0 0 1 1 0 1 0 1 1 0 1 1 0 1 0 0 1 1 0 1 1 1 0 0 0 1 0 0 0 0 1 1 1 1 0 0 0 0 0 0 1 0 0 0 0 1 1 0 1 1 1 0 1 1 1 1 0 1 1 1 1 1 0 1 1 0 0 0 1 1 1 0 0 0 0 0 1 0 0 0 1 1 1 0
1 0 1 0 1 1 1 0 1 0 1 1 0 0 0 0 1 0 1 0 0 0 1 1 0 1 0 0 1 0 0 0 1 0 1 0 0 0 0 1 1 1 0 0 1 1 1 1 0 1 1 0 0 1 0 1 1 1 1 1 0 1 1 1 1 1 1 0 1 0 0 0 0 1 1 0 0 1 0 1 0 1 0 0 1 0 0 0 1 1 0 0 0 1 1 0 0 1 1 0 1 0 1 0 1 1 0 1 1 0 1 0 1 1 0 1 0 0 1 0 1 0 0 1 0 0 1 1 1 1 0 1 1 1 0 0 0 1 0 0 0 0 1 1 1 0 1 0 1 1 0 0 1 1 0 0 0 1 0 0 1 1 1 0 1 1 1 1 0 1 1 0 0 0 0 1 0 1 0 0 1 1 1 1 1 0 1 1 1 1 0 1 1 1 0 1 0 0 1 0
1 1 1 0 1 0 0 1 1 0 1 1 0 1 1 1 0 1 0 0 0 1 0 0 1 0 0 0 0 1 0 1 1 0 0 0 1 0 0 1 1 1 0 1 0 0 0 0 0 0 0 0 0 0 1 0 0 0 1 1 0 0 0 0 0 1 0 0 0 1 0 1 0 1 0 1 1 0 0 0 1 1 0 0 1 1 1 1 1 0 1 0 1 0 0 0 1 0 0 0 1 1 1 0 1 1 1 1 0 1 0 1 0 1 0 0 1 0 0 1 1 0 0 0 1 0 0 1 0 0 1 0 1 1 1 0 1 1 0 0 0 0 1 1 0 1 1 1 1 0 1 0 0 1 0 1 0 0 1 1 1 1 0 1 0 1 1 0 0 0 1 0 0 1 1 1 1 1 1 1 1 1 0 1 1 1 1 1 1 0 0 0 1 1 1 1 0 0 0 0
1 1 0 1 1 1 1 0 1 1 1 1 0 1 0 1 0 1 1 1 0 1 0 1 1 0 1 1 0 1 1 0 0 1 1 1 0 0 1 1 1 1 0 1 0 1 0 1 0 0 0 1 1 0 0 1 0 1 0 0 0 0 1 0 0 0 0 0 1 1 0 1 0 0 0 1 0 1 1 0 1 0 0 1 0 0 1 0 1 1 0 1 1 1 0 1 1 1 0 1 1 1 0 0 1 0 0 0 1 0 1 0 0 1 1 0 0 0 1 0 0 1 0 0 0 0 0 1 1 1 1 1 1 0 0 1 0 0 0 0 0 0 0 0 1 1 1 0 1 1 1 1 0 0 0 0 1 1 0 1 1 0 0 1 1 0 0 0 0 1 0 1 0 1 1 1 1 1 0 0 0 1 1 1 1 1 0 1 0 1 0 0 0 0 1 1 1 0 0 0
0 0 0 0 0 0 1 1 1 0 0 0 1 1 0 1 1 1 0 0 1 1 1 0 0 0 1 0 1 0 0 1 1 1 0 0 0 1 1 0 1 0 1 0 1 1 1 0 0 0 0 0 1 1 1 0 0 0 1 1 0 1 1 0 1 0 0 0 0 1 1 1 1 0 0 0 1 1 0 0 1 1 1 0 1 0 0 0 1 0 1 0 1 0 1 0 1 0 0 0 1 0 0 0 1 0 0 1 1 0 0 1 1 1 1 1 1 0 1 0 1 0 1 1 0 0 0 0 0 0 0 1 1 1 1 0 1 0 1 0 1 1 1 1 1 0 1 1 1 0 0 0 0 1 0 0 1 1 1 1 1 1 1 1 0 1 0 1 0 1 0 1 1 0 0 0 0 0 0 1 0 1 1 0 1 1 1 1 1 1 1 0 1 1 1 1 0 1 1 0
0 0 1 0 1 1 1 1 1 0 1 0 1 1 0 0 0 1 1 0 0 1 1 0 0 1 0 1 1 0 0 0 1 0 0 0 0 0 1 1 0 1 1 0 0 0 0 1 1 0 1 0 0 0 1 0 1 0 0 1 1 1 0 1 1 1 1 1 1 0 0 1 0 0 0 1 0 1 0 1 0 1 1 0 0 0 1 1 1 1 1 1 1 1 1 1 0 0 0 0 1 1 0 0 1 0 0 1 0 0 0 0 1 0 1 0 0 1 1 1 0 0 1 0 0 1 1 1 0 1 0 1 0 1 0 1 1 0 0 0 0 0 0 1 1 1 0 0 1 0 0 0 1 1 1 1 0 1 1 0 0 1 1 0 1 1 1 0 1 1 1 1 0 0 1 0 0 0 1 1 1 1 0 0 0 1 1 1 0 1 1 0 0 0 1 0 0 1 1 0
0 1 1 1 1 0 1 0 0 0 0 1 0 0 0 0 1 1 1 1 1 1 1 1 0 1 0 1 0 0 0 0 1 1 1 1 0 1 1 1 0 1 0 0 0 1 1 0 0 1 0 1 0 1 1 0 0 1 0 0 1 1 0 1 0 0 0 1 0 0 1 0 0 1 0 1 0 0 1 1 0 1 0 0 1 1 1 0 1 1 1 0 0 1 0 0 1 1 0 0 0 1 0 1 1 1 1 0 1 1 0 0 1 0 1 0 1 1 1 1 0 0 1 0 1 1 0 0 1 0 1 1 0 0 0 0 1 0 0 0 0 1 0 1 1 1 1 1 0 0 1 1 1 1 1 1 1 0 1 0 0 0 1 1 1 1 1 0 0 1 1 1 0 0 0 0 0 0 1 0 0 0 0 1 1 0 0 0 0 1 0 0 0 0 1 1 1 1 1 0
1 0 1 1 1 1 0 1 0 1 1 1 0 0 1 1 0 1 1 1 1 1 1 0 1 0 0 0 0 0 0 1 1 0 1 0 1 1 1 1 0 0 1 1 0 0 1 0 0 0 1 0 1 0 1 1 1 1 0 0 1 0 0 1 1 1 1 0 0 0 0 1 1 1 0 0 1 1 0 0 1 1 0 0 0 0 0 0 0 0 0 0 0 0 1 0 1 0 1 1 1 0 0 0 1 0 0 1 0 0 1 1 0 0 1 0 0 1 0 1 0 0 0 0 0 1 1 1 1 0 0 1 1 1 0 0 0 0 1 1 0 1 1 0 1 0 1 0 0 0 0 1 0 0 1 0 0 1 0 1 0 0 1 1 1 1 1 0 1 0 0 0 0 1 0 0 1 0 0 1 0 1 0 0 0 0 1 0 1 0 1 0 1 0 1 1 0 1 0 1
0 0 0 0 0 0 0 1 1 1 1 1 0 1 0 1 1 1 0 0 0 0 1 1 1 1 1 1 0 1 1 1 0 1 1 0 1 0 0 1 0 0 1 1 0 0 1 1 1 0 1 1 0 1 0 0 1 1 1 0 1 1 0 0 1 0 0 1 1 0 0 1 1 1 1 0 1 1 0 1 1 0 0 1 1 0 1 1 0 0 0 1 1 0 1 1 1 1 0 0 0 0 0 0 0 1 1 1 0 1 0 0 1 1 0 0 0 0 1 0 0 0 1 0 1 0 1 1 1 1 1 1 0 0 0 0 1 0 1 0 0 1 1 0 1 1 1 0 1 1 1 1 1 1 0 0 0 0 1 0 1 1 0 1 1 0 1 1 1 0 1 1 1 1 1 0 0 0 0 1 1 1 0 1 1 0 1 0 0 0 0 0 0 0 0 0 1 0 0 1
0 0 1 1 0 0 0 0 1 1 1 0 1 1 0 1 0 0 1 1 0 1 1 1 1 1 1 0 0 1 1 1 1 0 1 1 0 1 1 0 0 0 0 0 0 1 1 0 1 1 0 1 0 0 1 1 0 0 0 1 0 0 1 0 0 1 1 0 0 1 0 0 0 0 0 1 1 1 1 0 1 1 0 0 1 1 0 1 0 1 1 1 0 0 1 0 1 0 0 0 1 1 1 0 0 0 0 0 0 1 0 0 1 1 1 0 1 0 0 1 0 1 0 0 0 0 0 0 0 0 1 1 1 0 1 1 0 0 0 1 1 0 0 1 0 0 0 1 1 1 0 1 1 0 1 0 1 0 1 1 1 1 0 1 0 0 0 1 0 1 1 1 0 1 0 0 0 1 1 0 0 1 1 1 0 0 0 1 1 0 1 0 0 1 0 0 0 1 1 0
0 1 1 1 0 0 1 1 1 1 0 0 0 1 0 0 1 1 1 0 0 0 0 0 0 0 0 1 0 1 1 1 1 1 1 1 0 1 1 0 0 0 1 1 0 1 1 0 1 0 1 1 1 0 1 0 0 0 1 0 0 0 1 1 0 0 0 0 1 0 1 1 1 1 1 1 0 0 1 0 1 0 0 1 0 0 0 1 0 1 0 1 0 1 0 1 1 1 1 0 0 0 0 0 1 0 1 1 0 1 1 1 0 0 1 0 1 1 0 0 0 1 0 0 0 0 0 1 0 0 0 0 0 0 0 0 0 0 1 0 0 0 0 1 1 0 0 1 1 0 1 1 1 0 0 0 1 1 1 1 1 0 0 1 1 0 1 1 0 1 1 1 1 1 1 1 0 0 0 0 1 0 1 0 1 1 1 1 1 1 0 0 1 0 1 0 0 1 0 0
0 1 1 1 1 1 0 1 0 0 0 0 1 0 0 1 0 0 0 1 0 1 0 1 1 1 0 1 1 1 1 0 1 0 0 1 1 1 0 1 0 1 0 1 1 0 1 0 0 1 0 1 1 0 0 0 1 1 1 0 0 1 0 1 1 1 1 1 1 1 1 1 0 0 0 1 1 0 1 1 1 1 1 0 1 0 1 1 0 0 1 0 0 0 0 0 0 0 0 1 1 0 1 0 1 1 0 0 1 1 0 0 0 0 1 1 1 1 0 1 1 0 0 0 0 1 1 1 1 1 0 1 1 1 1 0 1 1 0 0 1 1 1 1 0 1 0 1 0 1 0 0 1 1 1 0 1 1 1 1 1 0 1 1 0 0 1 1 0 1 0 1 1 1 1 1 1 1 1 1 0 0 1 0 1 1 1 0 1 1 1 0 0 0 1 1 0 1 0 1
0 1 0 0 1 1 0 1 1 1 1 0 0 0 0 1 0 1 0 1 0 0 0 1 1 1 0 0 1 0 0 0 1 1 0 1 0 1 0 0 1 0 1 1 0 1 1 1 0 1 1 0 1 1 1 1 1 1 0 1 1 1 0 1 0 0 1 1 0 0 0 0 1 1 1 0 1 0 1 1 1 0 1 1 1 1 1 0 1 0 0 1 0 0 1 0 0 0 0 0 1 0 0 1 0 1 1 0 0 1 0 1 0 0 0 1 0 1 0 1 1 0 1 0 0 1 1 1 0 0 1 1 1 1 1 1 1 0 1 0 0 1 0 1 1 1 0 0 1 1 0 1 0 0 0 1 1 1 1 1 0 0 1 1 0 0 0 1 1 1 1 0 0 1 0 1 1 0 1 1 0 0 1 1 1 1 0 0 1 1 1 1 1 1 0 0 1 1 1 0
1 1 1 1 0 0 0 1 0 1 1 0 1 0 1 1 1 1 1 1 1 0 0 1 0 1 0 0 0 0 0 0 1 1 0 0 0 1 1 0 0 0 0 0 1 0 1 1 1 0 0 0 1 1 0 1 1 0 1 0 0 1 1 0 1 1 1 0 1 1 0 1 1 1 1 0 1 0 0 0 0 0 1 1 1 1 0 0 0 0 1 0 1 1 0 1 0 1 1 0 1 1 1 1 0 0 1 1 1 1 0 0 0 0 1 0 1 1 0 0 1 0 1 1 1 0 1 1 0 1 1 0 1 1 0 1 1 1 0 1 1 1 1 1 0 1 0 0 0 1 1 1 1 0 1 1 0 1 0 0 1 0 0 1 1 0 0 0 1 0 1 0 1 1 1 0 0 0 0 0 1 1 0 1 1 1 1 1 1 0 1 1 1 0 1 1 0 0 0 0
1 1 1 1 0 0 0 0 1 1 0 1 1 0 0 0 1 1 1 1 1 0 1 1 0 1 0 1 1 0 1 0 1 0 1 0 0 1 1 0 1 0 1 0 0 0 1 0 1 1 0 0 1 1 1 1 0 1 1 0 1 1 1 0 1 1 0 1 1 1 0 0 1 0 0 0 1 0 0 1 1 1 0 0 0 1 1 0 0 0 1 0 1 1 1 1 1 1 1 1 1 0 0 0 1 1 0 1 0 1 1 1 0 1 0 1 1 0 1 1 0 0 1 0 0 0 0 1 0 0 0 1 1 1 0 1 0 0 0 0 0 0 0 1 0 0 1 1 1 0 0 1 0 0 0 1 0 1 1 1 0 0 1 0 1 1 1 1 1 1 0 0 0 0 0 0 1 0 0 1 1 1 0 1 0 0 1 0 0 0 1 0 1 1 1 0 0 1 0 1
0 0 0 1 0 0 1 0 0 1 0 0 0 1 1 0 1 0 1 0 0 0 0 0 0 1 1 1 0 0 0 1 1 1 0 0 0 1 1 0 1 0 0 1 0 1 1 0 1 0 1 1 1 1 0 0 0 0 0 0 1 1 0 0 1 1 1 1 0 0 1 1 0 1 0 1 1 1 1 1 0 0 0 1 0 1 1 1 1 1 0 0 1 0 1 1 0 0 1 0 0 0 0 1 0 0 1 0 0 0 0 1 1 1 0 0 1 0 1 0 0 0 0 0 0 1 1 0 1 0 1 0 0 1 1 0 1 1 0 1 0 1 0 0 1 0 1 1 1 0 0 1 0 0 1 1 1 1 0 1 0 0 0 0 0 0 0 0 0 1 1 0 1 0 1 1 0 1 1 0 1 0 0 0 0 1 0 0 0 1 1 0 1 0 1 0 0 1 1 0
1 1 1 0 1 0 1 1 0 0 0 0 0 1 1 0 0 0 0 1 0 1 1 0 1 1 0 1 0 1 1 0 0 0 0 1 0 0 0 1 0 1 0 1 0 0 0 1 1 0 0 1 1 1 1 1 0 1 1 0 1 1 1 1 0 0 0 1 0 0 0 1 1 1 0 1 1 1 0 1 1 0 0 0 0 1 1 1 0 1 1 0 1 1 0 0 1 1 1 1 0 1 0 1 1 0 1 0 1 1 1 1 0 0 1 0 0 0 1 1 0 0 0 1 1 1 1 0 0 0 0 0 1 0 1 0 1 0 1 0 1 0 0 0 0 1 1 0 1 0 0 0 0 1 0 1 1 1 1 1 0 0 0 0 1 1 0 0 1 0 1 1 1 1 1 1 1 1 1 0 1 0 1 1 0 1 1 1 1 1 1 0 1 0 0 0 1 1 0 1
0 1 1 0 0 0 0 1 1 0 1 1 0 0 1 0 1 1 0 1 1 0 0 1 0 1 1 1 0 1 0 0 1 1 0 0 0 0 1 0 0 0 1 0 0 0 0 0 0 1 0 1 0 0 0 0 1 0 1 1 1 0 0 1 0 1 1 1 0 1 0 1 1 0 1 0 1 1 1 1 1 1 1 0 1 1 1 1 0 1 1 0 0 1 1 1 1 1 0 1 1 0 1 1 0 0 0 1 0 1 0 1 0 1 0 1 1 0 0 1 1 1 0 0 0 1 0 0 0 1 0 1 1 1 1 0 1 1 0 1 1 1 1 0 0 0 1 0 0 1 0 0 0 0 1 0 1 1 1 1 0 0 1 0 0 0 0 0 1 1 0 1 1 1 1 0 0 1 0 0 1 1 0 1 0 0 0 0 0 0 0 1 1 1 1 0 0 0 0 0
1 0 0 1 0 1 0 1 0 1 1 1 1 1 0 1 0 0 0 0 1 0 0 0 0 0 0 1 0 1 1 1 1 1 1 1 0 0 1 0 1 1 1 1 0 0 1 0 1 0 0 0 1 1 1 0 1 0 1 1 1 0 0 1 1 1 1 0 1 0 0 1 1 1 1 0 0 0 1 1 0 1 1 1 1 0 0 0 0 1 0 0 0 1 0 1 1 1 1 0 0 1 1 0 0 0 1 0 0 0 1 1 0 0 0 1 1 1 1 0 0 1 1 1 0 0 1 0 0 1 0 1 0 0 1 0 0 0 1 1 0 1 0 0 1 0 1 1 0 0 0 1 0 0 1 0 1 0 1 0 0 1 0 0 0 0 1 0 0 0 0 0 0 0 1 1 0 0 0 0 0 1 0 1 1 0 1 0 1 1 0 0 0 0 1 0 0 0 0 1
1 0 0 1 0 0 1 0 1 0 1 1 0 0 0 1 0 1 1 0 0 0 1 0 0 1 0 0 0 0 0 1 1 1 0 0 1 1 0 0 0 0 0 1 1 1 0 1 0 1 0 1 0 0 0 1 0 1 1 0 0 1 0 1 0 0 0 1 0 1 1 1 1 0 0 0 0 0 0 0 1 1 0 1 0 0 1 1 0 0 0 1 0 1 1 0 1 0 1 1 1 0 0 1 0 1 1 1 0 1 1 1 1 0 0 0 1 1 1 0 0 1 1 1 0 0 1 1 1 1 1 1 1 1 0 1 1 1 0 1 0 0 0 0 0 1 0 1 1 0 0 1 1 1 1 0 1 0 1 1 1 0 0 0 0 1 0 0 0 1 1 1 1 1 0 1 0 0 0 0 0 1 0 0 0 0 1 1 0 0 0 0 0 0 0 1 0 1 1 0
1 1 0 0 1 0 1 1 1 1 0 1 0 1 1 1 0 0 1 1 0 1 0 1 1 1 1 1 0 0 0 1 0 0 1 0 0 1 1 1 0 0 1 0 1 1 1 0 1 0 0 0 0 1 0 1 1 0 0 1 0 0 0 0 0 0 0 0 0 1 0 0 0 0 1 0 0 1 1 0 0 1 1 0 1 1 0 1 0 0 1 0 1 1 1 0 1 0 0 0 1 0 0 0 0 1 0 0 1 1 0 0 0 1 1 1 1 0 1 0 0 1 0 0 1 1 0 0 0 1 0 0 0 1 1 0 0 0 0 1 1 1 1 1 1 0 1 1 0 1 0 1 1 1 1 1 1 0 0 1 0 0 0 1 0 1 0 0 1 0 1 1 0 1 0 1 0 1 0 0 1 1 0 1 0 1 0 0 1 1 0 0 0 0 0 1 1 0 0 0
0 1 1 1 1 0 0 1 1 0 0 1 0 0 0 0 1 0 0 0 0 0 0 1 0 0 0 1 0 1 0 1 0 1 0 1 0 0 0 0 0 1 1 1 1 0 0 1 1 0 1 1 1 0 0 1 0 0 0 1 1 0 1 0 0 0 1 0 1 1 0 0 0 1 0 0 1 0 0 0 1 0 0 0 1 0 1 0 1 0 1 0 1 1 0 0 1 1 1 1 1 0 1 0 1 0 0 0 0 0 0 0 1 1 0 1 0 0 0 0 1 1 0 1 1 1 1 0 1 0 1 0 0 0 1 0 1 0 0 0 0 0 0 0 1 1 1 1 1 0 1 1 1 0 0 0 0 1 0 0 1 0 0 0 0 1 1 1 0 1 0 1 1 0 0 0 0 0 1 1 0 1 1 1 1 1 0 1 1 1 0 1 0 1 1 1 1 0 1 1
0 0 1 0 1 0 0 1 0 1 1 0 0 0 0 0 0 0 1 0 1 0 1 1 0 1 1 0 1 1 1 0 1 0 1 0 1 0 1 0 0 0 0 1 1 0 0 1 0 1 0 1 1 1 0 0 0 0 1 1 0 1 1 0 0 1 1 0 1 0 0 0 1 1 0 0 1 1 0 0 0 1 1 1 0 1 1 1 0 0 0 0 1 0 0 0 0 1 1 0 1 0 0 1 1 0 0 0 1 1 1 0 0 1 1 0 0 1 1 0 0 1 0 0 0 0 1 0 1 1 1 1 1 0 1 0 0 0 0 0 0 1 1 1 1 0 1 1 1 1 0 0 0 0 0 0 1 1 1 1 1 0 1 0 1 0 1 1 1 1 0 0 0 1 1 0 1 0 1 0 0 1 0 0 1 1 0 0 0 0 1 1 0 1 0 1 1 0 1 0
1 0 1 0 1 1 0 1 1 1 0 0 1 1 1 0 1 0 0 1 0 0 0 0 0 1 1 1 0 1 1 1 0 0 0 0 1 1 1 1 0 0 1 0 0 1 0 1 0 0 0 0 1 1 0 1 1 1 0 1 0 0 1 0 1 1 0 0 1 1 0 0 0 0 0 1 1 1 0 1 1 1 1 1 1 0 1 1 1 1 1 1 0 1 1 0 1 1 1 1 0 0 0 1 0 0 0 1 0 0 0 0 0 1 1 0 0 0 1 0 0 1 1 0 0 1 1 1 0 0 1 0 1 1 0 1 1 1 1 1 0 0 1 1 1 0 0 0 1 0 0 0 1 1 1 1 0 0 1 0 1 0 1 1 1 0 0 1 1 0 0 1 0 1 0 1 0 1 0 1 0 0 0 0 1 1 0 0 0 1 1 1 1 0 0 0 0 1 1 1
0 0 0 0 0 1 0 0 1 0 1 1 1 1 0 1 0 0 0 0 1 0 1 0 1 0 0 1 0 1 1 0 0 0 1 0 0 0 0 0 0 0 0 1 1 0 1 1 0 0 1 1 1 1 0 1 0 1 0 1 0 1 0 0 1 1 1 0 0 0 1 0 0 1 1 0 0 1 0 0 0 0 0 0 0 1 0 1 1 1 0 0 0 1 0 0 1 0 1 0 1 0 0 1 1 0 1 1 1 0 0 1 0 0 0 1 1 1 1 0 1 0 0 0 0 1 0 0 1 0 1 0 0 0 1 1 0 0 0 1 1 1 1 1 1 1 1 1 1 0 1 1 0 1 1 0 0 0 1 1 1 1 0 1 1 0 1 0 0 0 1 0 1 0 0 1 1 0 0 0 1 1 0 1 1 0 1 0 0 0 1 0 0 1 0 1 1 1 0 1
1 1 0 1 1 1 1 0 1 1 1 1 1 0 1 1 1 1 1 1 1 0 1 1 1 1 0 0 0 0 0 1 0 1 0 1 0 1 0 0 0 1 1 0 1 1 1 0 1 1 1 1 1 1 1 0 1 1 1 1 1 1 0 1 1 0 1 1 0 1 0 1 1 1 1 1 0 0 0 1 1 1 0 1 1 0 0 0 0 1 0 0 1 0 1 0 1 0 1 0 0 1 1 0 1 1 1 0 1 1 0 1 0 0 0 1 0 1 1 0 1 1 1 1 1 1 0 1 1 1 1 1 1 1 1 0 0 0 1 0 0 1 1 0 0 0 1 1 0 1 0 0 1 0 0 1 1 0 0 1 0 0 0 0 0 1 1 1 1 1 1 1 1 1 0 0 1 1 1 1 0 1 1 1 0 1 1 0 1 1 0 0 1 0 0 0 0 1 0 0
1 0 0 0 1 0 0 0 0 1 1 1 1 1 1 1 1 0 1 1 1 0 1 1 0 1 1 0 0 1 1 1 1 1 1 0 0 1 0 1 0 0 0 1 1 1 0 0 0 1 0 1 0 1 0 0 1 0 1 1 1 1 1 1 1 0 1 1 1 0 1 1 1 0 1 1 1 1 1 1 1 1 0 0 1 1 1 1 0 0 1 1 0 1 0 1 1 1 1 1 1 1 0 0 1 0 0 1 1 1 1 0 0 0 1 0 0 0 0 1 1 1 0 1 0 0 0 1 0 0 0 0 1 1 0 1 1 1 0 0 1 0 0 1 1 0 0 1 1 1 0 1 0 1 1 0 0 0 1 1 0 0 1 0 1 1 1 1 0 1 1 0 1 0 1 1 1 0 0 1 1 1 1 1 0 1 1 0 1 0 0 1 0 1 1 0 1 0 0 0
0 0 0 0 1 0 0 0 1 1 1 1 1 0 0 0 1 1 0 0 0 1 1 1 1 0 1 1 1 0 1 1 1 1 1 1 0 1 1 1 0 1 0 0 0 0 1 0 0 1 1 0 0 0 0 0 0 0 1 0 0 0 0 0 1 1 1 0 1 0 1 1 1 1 1 1 1 1 1 1 0 0 0 0 0 1 0 0 1 1 1 0 1 1 1 0 0 0 0 0 0 0 1 1 0 1 0 1 1 0 0 1 0 1 1 0 0 0 0 0 0 1 0 1 0 0 0 1 0 0 1 1 1 1 0 1 1 1 1 0 0 1 0 1 1 0 1 1 0 0 1 1 0 1 0 0 0 0 1 0 1 1 0 0 0 1 1 1 1 0 0 1 1 1 0 0 0 1 0 0 0 0 1 0 0 0 1 1 1 0 1 1 1 0 0 0 0 1 0 0
1 1 1 1 0 0 0 1 0 0 1 1 0 1 1 1 0 0 1 0 0 1 0 1 1 1 0 0 1 0 1 1 0 1 1 0 1 1 0 1 1 0 0 1 1 1 0 1 1 0 0 1 1 0 0 0 1 0 0 0 0 1 1 1 1 0 1 1 0 1 0 1 0 0 0 0 1 1 1 1 0 0 1 1 0 0 1 0 0 0 1 1 0 0 1 1 1 0 0 0 0 1 1 0 0 0 0 0 0 0 0 0 0 1 1 1 0 1 1 0 1 1 1 1 1 1 1 0 1 0 0 1 1 0 0 0 0 0 1 0 0 0 1 0 0 1 1 1 1 0 0 1 1 0 0 1 0 1 1 0 1 0 1 1 1 0 0 1 0 0 0 0 1 1 0 0 0 1 0 1 1 0 0 1 0 1 0 1 0 0 1 0 0 1 0 0 1 0 1 0
0 1 0 0 1 0 1 1 1 1 1 0 0 1 1 1 1 0 1 0 1 1 0 1 0 0 1 0 1 0 1 1 1 0 0 0 1 1 0 1 0 0 0 1 1 1 0 0 0 0 1 1 1 0 1 1 0 1 0 1 0 0 0 0 1 0 1 0 0 1 1 0 0 1 1 0 0 0 0 1 1 1 0 0 1 0 0 1 0 0 0 1 1 0 1 1 0 1 0 0 0 0 0 1 0 0 0 0 1 1 0 0 1 0 0 0 1 1 1 0 1 1 1 1 0 0 0 0 0 1 0 0 1 1 1 1 1 0 0 1 1 0 1 0 0 1 1 1 1 0 1 1 0 1 0 1 0 1 1 0 0 1 0 1 1 0 0 0 1 0 1 1 1 0 0 1 1 0 1 0 0 1 0 0 0 0 0 1 0 1 0 1 0 0 0 0 1 1 0 1
0 1 0 1 0 1 1 1 0 0 0 1 0 0 1 0 1 0 1 0 1 0 0 0 1 0 1 0 0 0 1 1 1 0 0 1 1 0 0 0 0 1 1 1 1 1 1 0 1 0 1 0 0 0 1 0 1 0 1 0 1 1 1 1 0 0 1 1 0 1 1 1 1 1 0 1 1 1 0 1 0 0 1 0 0 0 1 0 1 0 0 0 0 1 0 0 1 1 1 0 1 0 0 1 0 0 0 1 1 0 1 0 1 0 1 1 0 0 0 1 0 1 0 0 0 1 1 1 0 0 1 0 0 0 1 1 0 0 0 0 0 0 0 1 0 0 0 0 1 1 0 1 1 1 0 0 0 0 0 1 1 1 1 1 1 1 0 1 1 0 0 1 0 1 0 0 1 0 0 0 0 0 0 1 0 1 1 0 0 1 1 1 0 0 0 1 0 1 1 0
0 0 1 0 1 1 0 1 1 1 0 1 1 0 1 0 1 0 0 1 1 1 1 0 1 0 0 1 0 0 0 1 1 1 0 1 0 0 1 1 1 1 1 0 0 0 0 0 1 0 0 1 1 1 0 1 1 0 1 1 1 1 1 0 0 1 0 0 1 1 1 1 0 1 0 0 0 1 1 1 1 1 1 0 0 0 1 1 0 1 0 1 1 1 0 1 1 1 1 0 1 0 1 0 1 0 1 1 1 0 0 0 1 0 0 1 1 0 1 0 1 0 0 1 0 1 1 0 1 1 1 0 0 1 0 1 0 1 1 0 0 1 1 1 0 0 1 1 0 0 0 0 0 0 0 1 1 0 0 1 1 0 0 1 1 1 1 1 0 0 1 1 0 1 1 0 0 1 0 1 0 0 0 0 0 0 1 1 1 0 0 1 1 1 0 1 0 1 1 0
1 1 0 0 0 1 0 1 1 0 0 1 1 1 0 1 0 0 0 0 1 1 1 0 1 1 0 1 1 1 0 0 0 0 1 1 1 0 0 1 0 1 0 0 0 0 0 0 1 1 1 0 1 1 0 1 1 0 0 0 1 0 0 1 1 1 1 1 1 1 1 1 1 1 0 1 1 0 1 1 0 0 1 1 0 1 1 0 1 1 0 1 0 0 1 0 0 1 1 0 0 1 1 1 1 1 1 0 1 1 1 1 0 0 0 0 1 1 0 0 1 0 1 1 1 1 0 0 1 1 1 1 0 1 0 1 0 1 1 0 0 0 1 1 0 0 0 1 0 0 1 0 0 1 1 1 1 0 0 1 1 0 0 1 0 0 0 0 0 1 0 1 1 1 0 0 0 0 0 1 1 1 0 0 1 1 1 0 0 0 0 0 0 1 1 1 0 1 1 0
1 1 1 1 0 0 0 1 0 0 1 0 1 0 1 0 0 1 1 1 1 0 0 0 1 0 0 0 1 1 1 0 0 1 1 0 0 0 1 0 1 0 0 0 1 0 1 1 0 0 1 0 1 0 1 1 1 1 1 1 0 1 1 1 0 1 1 0 0 1 0 0 1 0 0 0 1 0 1 0 1 1 1 1 0 1 1 0 1 0 1 0 1 1 1 0 1 1 0 0 0 0 0 0 0 0 1 1 0 0 0 1 0 0 0 1 1 0 1 0 1 1 1 0 0 0 0 0 1 0 0 1 0 0 0 1 0 1 0 0 1 0 0 0 0 1 0 1 1 1 1 0 1 0 1 0 1 0 0 0 0 1 1 1 1 0 1 0 0 0 1 1 1 1 1 0 1 1 0 0 0 1 1 1 0 1 1 0 1 1 1 1 0 1 0 0 1 1 0 0
0 0 1 0 0 0 1 1 0 1 1 0 0 0 1 0 1 0 1 0 1 1 0 1 1 1 1 1 0 1 1 0 1 0 0 0 0 0 0 1 0 0 1 1 0 0 0 1 0 0 1 0 0 0 1 0 1 1 1 0 1 1 0 1 1 0 0 1 0 0 0 0 0 1 0 1 1 0 1 0 0 0 0 0 1 1 1 1 1 0 1 0 0 1 1 1 1 1 1 0 0 1 0 1 0 1 0 1 1 1 1 1 0 1 1 0 1 0 0 1 1 0 1 1 1 1 0 0 0 1 1 0 0 1 0 0 0 0 1 0 1 1 0 1 1 0 1 0 0 0 0 1 1 0 1 0 1 0 0 1 0 0 1 0 0 1 1 1 1 1 0 0 1 0 1 1 0 1 1 1 0 0 0 1 1 1 1 0 1 0 1 1 1 0 0 0 0 0 0 0
1 1 1 0 0 0 1 0 1 1 0 1 0 1 0 0 1 1 0 0 1 0 0 0 0 1 0 1 1 0 1 1 0 0 0 1 0 0 0 0 1 1 0 0 1 0 0 1 1 0 0 0 0 0 1 0 0 1 1 0 1 1 0 0 0 1 1 1 0 0 0 0 0 0 0 0 1 0 0 0 1 1 0 1 0 0 0 0 0 0 1 1 0 1 0 0 1 0 1 0 0 0 1 0 1 1 1 0 1 1 0 1 1 0 0 0 1 1 1 0 0 1 0 1 1 1 1 0 0 1 0 1 1 0 0 0 0 1 1 0 1 0 1 1 1 1 0 1 0 0 1 1 0 1 1 1 0 1 0 0 0 0 1 1 0 0 0 0 1 1 1 0 0 0 1 1 1 1 1 1 1 1 1 1 0 1 0 0 1 0 1 0 0 0 0 0 0 0 1 0
1 1 1 1 1 1 1 0 1 1 0 1 1 0 1 1 0 1 1 0 1 0 0 0 0 1 0 0 1 0 1 1 0 1 0 0 1 0 1 1 0 1 1 1 0 0 1 0 1 1 0 1 1 1 1 1 1 0 1 1 1 1 1 1 1 0 0 0 0 0 0 1 0 0 0 1 1 0 0 0 0 1 1 1 1 1 1 1 1 1 1 1 0 1 1 0 0 0 0 0 1 0 1 0 0 0 0 1 0 0 0 1 1 0 1 0 1 0 0 1 1 1 1 0 0 1 0 1 1 1 0 0 0 0 1 0 1 1 0 1 1 0 0 0 0 0 0 1 0 1 1 0 0 0 0 1 0 0 1 0 1 1 0 0 1 1 0 1 0 1 0 0 1 0 0 0 0 0 1 0 1 1 1 0 1 0 1 0 1 0 0 0 1 0 0 1 0 0 0 1
0 1 0 1 1 0 0 0 0 1 0 0 0 1 1 0 1 0 1 1 0 1 0 1 1 0 0 0 0 1 1 0 1 0 0 0 1 0 0 1 1 1 0 1 1 0 1 1 0 0 1 0 1 1 1 0 0 1 0 1 1 0 1 1 1 1 1 1 1 0 0 0 0 0 0 1 0 1 0 0 1 0 1 1 1 1 1 0 0 1 1 1 1 1 1 0 0 1 0 0 0 0 0 0 1 0 0 0 0 0 1 0 1 0 0 1 1 1 1 0 0 1 0 0 1 1 0 1 1 1 1 0 0 1 1 0 1 1 0 1 0 0 1 1 1 0 0 1 0 1 1 0 1 0 0 0 0 1 0 1 0 1 1 1 1 0 1 1 0 1 0 0 0 0 0 1 1 0 1 0 0 1 1 0 1 1 1 0 0 1 1 1 0 1 1 0 0 1 1 0
1 1 1 1 1 1 1 0 0 0 1 0 0 0 1 1 1 0 1 1 0 1 0 0 1 0 1 0 0 0 1 0 1 0 0 1 1 1 1 0 1 1 0 1 1 1 1 1 1 1 0 1 1 0 0 1 0 0 0 0 1 0 0 0 1 1 0 0 1 0 0 0 1 1 1 0 1 1 1 1 0 0 0 0 0 1 0 0 1 0 1 0 0 0 1 0 0 0 0 1 0 0 0 0 0 1 1 1 1 1 1 0 1 1 1 1 0 0 0 0 1 0 1 1 0 0 1 1 0 0 0 1 1 0 0 0 1 1 1 0 1 1 1 1 1 0 1 0 1 1 0 1 1 0 1 0 0 1 1 1 0 0 0 0 1 1 1 1 0 0 0 0 1 0 1 1 0 1 0 0 0 0 1 1 0 1 1 1 0 1 0 1 1 0 0 0 0 1 1 1
0 1 1 0 0 1 0 0 1 1 0 0 1 1 0 1 0 1 0 1 0 1 0 1 0 1 0 1 1 0 0 1 1 1 0 0 1 0 1 1 0 1 0 1 0 1 0 0 1 1 0 1 1 0 0 0 0 1 1 1 0 0 0 0 0 0 1 0 0 1 0 1 0 0 1 0 1 0 1 1 1 0 1 0 0 0 1 1 1 0 0 1 1 0 0 0 0 1 0 0 1 0 0 1 1 0 0 1 1 0 1 0 1 0 0 0 0 1 1 0 0 1 0 1 0 0 0 1 0 1 1 1 1 1 0 0 0 1 0 1 1 1 0 0 0 1 1 0 1 1 0 0 0 0 1 1 0 0 1 0 0 1 1 1 1 0 1 1 1 0 1 1 1 1 1 0 0 1 1 0 0 1 0 1 0 0 1 1 0 1 0 1 1 1 0 1 1 0 1 0
0 0 1 0 0 0 0 1 1 1 0 1 1 1 0 1 1 1 1 1 1 1 1 1 1 1 0 0 1 1 1 1 0 1 1 0 1 0 0 1 1 0 0 0 0 1 1 1 0 0 0 1 0 1 1 1 1 1 0 1 0 0 0 1 0 1 0 1 0 0 0 0 1 1 1 1 1 0 0 1 0 0 0 1 1 0 0 1 1 0 0 0 0 0 0 1 0 0 1 1 0 1 0 0 0 0 1 0 0 1 1 0 0 0 0 0 0 0 1 0 1 0 0 0 1 0 0 1 0 1 1 0 0 1 0 1 0 1 0 0 1 1 1 0 0 0 0 1 1 0 0 0 1 0 1 0 1 0 0 1 1 0 1 1 1 1 1 0 1 1 1 1 1 0 1 0 0 1 0 1 1 0 1 1 1 0 1 1 0 1 1 0 0 1 0 1 0 0 1 1
0 0 1 0 1 1 0 1 0 1 1 1 1 1 1 0 1 1 1 1 0 1 1 1 1 0 1 1 0 0 1 0 1 0 1 1 1 0 0 0 0 0 1 0 1 1 1 1 0 0 1 0 1 1 1 0 0 0 1 0 1 1 0 1 1 0 0 1 1 1 0 1 0 1 0 0 1 0 1 1 0 1 0 1 1 1 0 1 0 1 1 0 1 1 0 1 0 0 1 0 0 0 0 0 1 1 0 0 0 1 0 0 1 0 1 1 0 1 1 0 0 1 0 0 1 0 1 1 0 1 1 1 1 0 0 1 0 1 0 0 0 0 1 0 0 1 0 1 0 0 1 0 0 1 1 0 1 0 0 1 0 1 1 0 0 1 0 1 1 0 0 0 1 1 0 0 0 1 0 0 0 1 0 1 0 1 1 0 1 1 0 1 1 0 1 1 1 1 0 1
0 1 0 1 1 1 1 1 1 0 1 1 0 1 1 0 0 0 0 0 0 0 1 1 0 1 1 1 1 0 1 1 1 1 0 1 0 1 1 1 1 1 0 1 1 0 0 0 1 1 0 0 0 0 1 0 0 0 0 1 0 1 1 0 1 1 0 0 0 0 1 0 1 1 1 1 0 0 0 0 0 1 1 0 0 0 0 0 1 1 0 1 1 1 0 1 0 0 0 1 0 1 1 0 1 1 0 0 0 1 0 0 0 1 1 1 0 0 1 0 0 0 0 1 1 0 1 1 1 0 0 1 0 0 1 1 0 0 1 1 0 1 1 1 0 0 1 0 0 0 1 0 0 0 1 1 0 0 1 1 1 1 0 1 0 1 1 0 1 1 1 1 1 0 0 0 1 1 0 0 1 1 1 1 1 1 0 1 0 0 1 1 1 1 1 1 0 0 1 0
1 1 1 0 1 0 0 0 1 1 0 1 0 0 0 0 0 0 0 1 0 1 1 1 0 1 0 1 0 0 0 0 0 0 1 1 0 0 0 0 0 0 0 0 1 0 0 1 1 0 0 1 0 0 1 1 0 0 0 1 1 1 1 1 0 1 0 1 1 1 0 1 0 1 0 0 0 0 1 1 1 1 1 1 1 1 1 0 0 0 0 1 1 0 1 0 1 0 1 1 1 1 0 0 1 1 0 1 0 1 0 1 1 1 1 0 1 0 1 0 0 0 1 1 0 1 1 1 0 1 1 0 1 0 0 0 0 0 1 0 0 0 0 0 0 1 0 0 1 0 0 1 1 1 1 1 0 0 1 1 1 0 1 0 0 1 0 1 1 1 0 1 0 0 1 1 1 1 1 1 1 1 0 0 0 1 1 0 1 1 0 0 0 1 1 1 1 0 0 1
0 1 1 1 1 1 0 0 0 1 0 0 1 0 0 0 1 1 1 1 1 1 1 0 1 0 1 1 1 0 0 1 0 1 0 1 1 1 0 1 0 1 0 1 1 0 1 0 0 1 0 0 0 1 1 1 1 1 1 0 0 1 0 1 0 0 1 1 1 1 1 0 0 1 0 0 0 0 0 1 1 0 0 1 1 1 0 1 1 0 0 0 0 1 1 1 1 1 0 0 1 0 1 0 1 1 1 1 0 0 1 1 0 0 0 0 0 0 1 1 1 1 1 1 1 0 0 1 1 0 1 0 0 1 0 1 1 0 1 0 0 1 0 0 0 1 0 0 0 1 0 1 0 1 1 1 0 1 0 0 1 1 0 0 0 1 1 0 1 1 1 0 1 0 1 1 0 1 0 0 0 1 0 0 1 0 0 0 0 1 0 0 1 1 0 1 0 1 1 0
1 1 1 1 1 0 1 0 1 1 1 0 0 1 0 0 0 0 0 0 1 1 1 1 0 0 0 1 1 0 0 1 1 0 0 0 1 1 1 1 0 0 1 0 1 1 1 1 0 1 0 1 0 0 0 1 0 0 1 1 0 0 0 0 0 0 0 0 1 0 0 1 1 1 0 0 1 0 1 0 0 0 1 0 0 0 0 1 0 0 0 0 1 1 1 1 0 1 1 1 1 0 0 0 1 1 1 0 0 1 1 1 0 1 1 1 0 1 0 1 0 0 0 0 0 0 0 0 0 1 0 1 0 0 0 0 1 0 1 0 0 1 0 1 0 1 1 0 0 0 0 1 1 0 1 1 1 0 0 0 1 1 1 0 0 1 1 0 0 1 0 1 0 1 0 1 1 0 0 0 0 0 1 1 1 0 1 0 1 0 1 0 0 0 0 1 0 1 1 1
1 1 0 0 0 0 0 1 1 1 1 1 0 0 1 0 0 0 1 1 1 1 0 1 0 0 1 1 1 1 1 0 1 0 0 0 0 1 1 1 0 0 1 0 1 1 1 0 1 0 0 1 1 1 1 1 0 0 0 1 1 1 1 0 0 1 1 1 1 0 1 0 1 1 1 0 0 1 1 1 1 1 1 1 0 1 0 0 1 0 1 0 0 1 0 1 1 0 1 0 1 1 0 0 0 1 1 0 0 1 1 0 1 0 0 0 0 1 1 1 1 0 0 0 1 0 1 1 1 0 0 1 1 1 0 1 0 1 1 0 1 0 1 0 1 1 0 0 1 0 1 1 1 0 1 1 0 1 0 1 1 0 0 1 0 1 0 0 1 0 1 0 0 1 0 0 0 1 1 1 0 0 0 1 1 0 1 0 1 1 1 1 0 1 0 0 1 1 1 1
0 0 1 1 0 1 1 0 1 0 1 0 1 0 0 0 0 1 1 1 1 0 1 1 1 0 0 0 1 0 0 0 0 0 0 1 0 1 1 0 0 0 1 0 0 1 0 1 1 0 0 0 0 1 1 1 1 1 0 0 1 0 0 1 0 1 0 0 1 1 0 1 0 1 0 0 0 0 0 1 0 1 0 1 0 0 1 0 0 1 0 0 0 1 0 1 1 0 0 0 0 0 1 0 0 1 1 0 1 1 0 0 0 1 1 0 0 0 0 1 1 0 1 0 1 0 0 0 0 1 0 0 1 1 0 1 1 0 0 1 1 0 1 0 0 0 0 1 1 0 1 0 0 1 1 1 0 1 1 1 1 1 1 1 1 0 1 0 1 0 1 0 1 0 0 1 1 1 1 1 1 1 1 1 0 0 0 1 1 0 0 1 0 1 0 0 0 1 0 0
1 1 0 0 1 0 1 0 0 1 0 1 0 0 0 1 1 0 0 1 1 0 0 0 1 1 0 1 1 1 1 1 0 0 1 0 1 1 1 1 0 0 1 1 0 0 0 1 0 0 0 1 0 1 1 1 0 1 0 1 0 0 0 0 1 1 1 1 0 0 1 0 1 1 1 0 0 0 0 1 1 0 0 1 1 0 1 0 1 1 1 1 1 1 0 0 0 1 0 0 0 0 0 0 1 1 1 1 1 1 1 1 1 0 0 1 0 0 1 1 0 1 1 0 1 1 1 1 0 0 1 0 0 1 1 1 1 1 0 0 0 1 1 0 1 1 1 1 0 0 0 0 0 1 1 0 1 0 0 1 1 1 0 1 0 0 0 0 0 0 0 0 0 0 1 1 0 1 0 1 0 1 1 0 0 1 1 0 0 1 1 0 1 0 1 0 0 1 0 0
1 1 1 1 1 1 0 1 1 0 1 0 1 0 0 0 1 1 0 0 0 0 0 1 0 0 1 0 1 0 0 0 0 0 1 1 0 1 0 0 0 0 0 1 0 0 0 1 1 0 1 1 1 1 1 1 1 0 1 0 1 0 0 1 0 1 0 1 1 1 0 0 0 1 0 1 1 1 1 0 1 0 0 1 0 1 0 0 1 0 0 0 0 1 1 1 1 1 0 1 1 0 1 0 0 1 0 0 0 0 1 0 0 1 1 1 1 1 0 1 0 0 1 0 0 1 0 1 0 0 0 0 1 1 1 0 1 0 1 1 0 0 0 1 1 1 1 0 1 0 1 0 1 1 1 1 1 0 0 0 1 1 1 0 0 1 0 1 0 1 0 0 1 0 0 0 1 1 1 1 1 1 0 1 0 1 1 0 1 0 0 1 1 0 1 1 1 0 1 0
1 0 0 1 1 1 0 0 1 1 0 1 0 0 1 0 1 0 1 1 1 0 1 0 1 0 1 1 0 1 0 0 1 1 1 1 0 0 1 1 1 0 0 0 0 0 1 1 0 1 0 0 1 1 1 0 0 0 1 0 0 1 0 0 1 1 0 0 1 1 1 1 1 1 0 0 0 1 1 0 0 1 1 1 1 1 1 1 1 1 1 0 1 1 1 0 1 0 1 1 0 1 0 1 0 0 0 1 0 1 1 1 0 0 1 1 1 1 0 1 0 0 1 1 1 0 0 0 1 0 0 0 0 0 1 0 1 1 1 1 1 1 1 0 1 0 0 1 1 1 1 1 0 1 1 1 0 1 0 0 0 0 0 0 0 1 0 1 1 0 1 1 0 1 0 1 0 1 0 1 1 0 1 1 1 0 0 1 1 1 1 1 0 0 1 1 0 1 1 1
1 1 0 1 0 1 1 0 1 0 1 1 0 1 1 1 1 0 1 1 0 0 1 0 0 0 1 1 1 0 0 0 0 0 1 0 1 0 0 1 1 0 0 0 0 1 0 0 1 0 0 0 0 0 0 0 1 1 1 1 0 1 1 1 1 0 1 1 1 1 0 1 1 1 1 1 1 0 0 0 1 0 1 0 1 0 0 0 0 0 1 1 0 1 1 1 1 0 0 1 1 0 0 0 0 0 1 1 0 1 0 1 0 0 0 0 0 1 1 1 0 0 1 0 1 0 0 0 0 1 1 0 1 1 0 0 0 1 1 0 1 1 1 1 0 1 0 0 0 0 1 0 0 1 0 0 1 0 1 1 0 1 0 1 1 1 1 1 1 1 1 0 1 0 0 0 1 0 0 1 1 0 1 1 1 1 0 1 1 0 0 0 0 0 0 0 1 0 1 0
1 0 1 1 1 0 1 0 0 0 1 0 1 1 0 1 0 1 0 0 0 1 1 0 1 0 1 1 1 1 1 0 1 0 1 0 0 1 1 1 0 0 0 0 0 1 0 0 1 0 1 0 1 0 0 0 1 0 0 1 0 1 0 0 1 0 1 1 1 1 1 1 1 1 0 0 1 0 1 0 1 1 0 0 0 0 1 0 0 0 0 0 1 1 0 0 1 1 0 1 0 1 1 1 1 0 0 1 1 0 1 0 0 0 1 1 1 1 0 1 1 0 1 1 0 0 0 0 1 0 1 0 0 0 1 1 0 1 1 0 1 0 0 0 1 0 0 0 1 0 0 0 1 1 0 0 1 1 0 1 0 1 0 1 0 1 0 1 0 1 0 0 0 1 0 1 0 0 1 0 1 1 0 1 1 1 0 0 1 0 0 1 0 0 1 1 0 1 0 1
0 0 1 0 0 1 0 0 1 1 1 0 1 0 1 1 1 0 1 0 1 0 0 1 0 1 0 0 1 0 1 1 1 1 0 0 1 0 0 1 0 1 1 0 0 1 1 1 1 1 0 0 0 0 0 1 0 1 1 1 0 1 1 0 0 1 0 1 0 1 1 1 0 0 1 0 0 1 0 1 0 1 1 1 1 0 0 0 1 0 1 1 1 1 0 1 1 1 0 1 1 1 0 0 1 0 0 0 1 1 1 0 0 0 1 0 0 1 0 1 1 1 1 1 1 0 1 0 0 1 1 1 0 1 1 0 0 0 1 0 1 1 1 1 0 1 0 1 0 1 0 0 0 0 0 1 0 0 0 1 1 0 0 1 1 1 1 0 0 0 1 1 0 0 0 1 1 0 0 0 1 0 1 0 1 1 0 0 0 1 1 1 0 0 0 1 0 1 0 0
0 0 1 0 0 1 1 0 1 0 1 0 1 0 0 0 0 1 0 0 1 0 1 0 0 1 1 0 0 0 0 1 1 1 0 1 1 1 0 0 0 0 1 1 0 1 0 1 0 1 1 0 1 0 0 1 1 0 1 1 0 0 0 0 1 0 0 1 0 1 1 1 1 0 0 0 1 0 0 1 1 0 1 0 0 1 0 0 0 1 0 1 0 0 1 0 1 1 0 0 0 0 1 0 0 1 1 1 1 0 0 0 1 0 1 1 1 1 1 1 0 1 1 1 0 1 1 0 0 0 0 0 0 1 1 1 0 0 1 0 0 1 0 1 0 0 1 0 1 0 1 0 1 0 0 1 1 1 0 1 1 0 0 1 0 0 1 0 1 1 0 0 0 0 0 0 1 0 1 0 1 0 0 1 1 0 0 0 1 0 1 1 0 0 0 0 0 0 0 0
1 0 1 1 0 1 0 1 0 1 0 0 0 0 0 1 0 0 1 1 0 1 1 0 0 1 1 0 0 1 1 0 0 1 1 1 1 0 0 1 0 1 0 1 1 1 1 1 0 1 1 1 1 0 0 1 0 1 1 1 0 1 0 0 1 0 1 1 1 1 0 0 1 0 1 1 0 1 0 0 0 0 1 0 0 0 1 1 1 0 1 1 1 1 0 1 1 0 0 1 0 0 1 1 0 1 0 1 0 1 0 0 1 1 1 1 1 1 0 1 0 0 1 0 0 1 0 0 0 1 0 1 1 0 0 0 1 0 0 0 0 1 1 0 0 0 1 0 1 0 1 0 0 0 1 1 1 1 0 0 0 1 1 1 0 0 1 1 0 1 0 0 1 1 0 1 1 1 1 1 1 0 0 0 1 1 1 0 0 1 1 0 1 0 0 0 0 1 1 0
0 0 1 0 0 1 1 0 1 1 1 0 0 0 1 0 0 0 0 0 0 1 0 1 0 1 1 1 0 0 1 1 0 0 1 1 0 1 1 0 1 0 0 0 1 1 1 0 1 1 1 0 1 1 1 0 1 1 0 1 1 0 1 1 1 1 0 1 0 1 0 1 1 0 1 0 0 0 1 1 1 1 0 1 1 1 0 1 0 0 0 1 0 1 0 1 0 1 0 0 1 1 0 1 0 0 1 0 1 1 0 0 0 0 1 0 0 0 0 1 1 1 0 1 0 0 1 1 1 0 1 1 0 1 1 1 1 0 1 1 1 0 1 1 0 1 0 0 1 1 1 1 1 0 1 1 1 1 0 0 0 1 1 0 0 1 1 0 1 1 1 0 0 0 1 0 0 1 0 1 1 1 0 0 1 0 0 0 1 1 0 0 0 1 1 0 0 1 0 1
0 1 0 0 0 0 0 0 1 0 0 0 0 1 1 1 1 1 0 0 1 1 1 1 0 0 1 1 0 1 0 1 1 0 0 1 1 0 0 0 1 0 0 0 0 0 1 0 1 1 0 0 0 0 0 1 0 1 0 0 1 0 1 0 0 1 0 0 1 0 0 1 0 1 0 0 0 0 0 0 1 1 0 1 1 0 1 1 1 1 1 0 1 0 0 1 1 1 1 1 1 1 0 1 0 0 0 1 0 0 1 1 0 0 1 0 1 0 1 0 1 1 0 0 1 0 0 0 0 1 1 1 1 0 0 1 1 0 0 0 0 1 1 0 1 0 0 1 1 1 1 1 0 1 1 0 1 0 1 0 0 1 0 0 1 1 1 0 0 0 1 0 1 1 0 0 0 0 1 1 0 1 0 0 1 0 0 1 1 0 0 1 1 1 1 0 1 0 0 0
1 0 0 1 0 0 1 1 1 1 0 1 1 1 0 1 0 0 1 1 0 1 0 1 0 1 0 0 0 1 1 1 1 0 0 1 1 0 0 0 0 1 0 0 1 0 0 1 0 1 0 1 0 1 0 1 0 1 0 0 0 0 1 1 1 1 0 0 1 0 1 0 0 1 0 0 0 1 0 1 0 0 0 0 1 1 1 1 0 1 1 0 0 0 1 0 1 0 0 1 0 1 1 0 1 0 1 1 0 1 0 0 0 0 1 0 1 1 1 1 0 1 1 0 0 1 1 1 0 1 1 0 1 1 0 0 0 0 1 0 1 1 1 1 1 0 0 0 1 1 1 0 0 1 0 0 0 0 1 0 1 0 1 0 0 0 1 0 1 1 0 1 0 0 0 1 1 1 1 0 0 0 0 1 1 0 0 0 1 1 1 0 0 0 0 1 1 1 0 1
0 0 0 0 0 1 0 0 1 0 0 0 1 0 1 0 0 1 0 0 1 1 0 1 0 0 0 0 0 0 0 0 0 1 0 0 0 0 0 1 1 1 0 0 1 1 1 1 0 1 1 0 1 0 0 1 0 0 0 1 1 0 0 0 0 1 1 1 0 1 0 1 1 1 1 1 1 0 0 1 1 1 1 0 1 1 0 0 1 1 0 0 1 1 1 0 1 1 0 0 0 1 0 1 1 1 0 1 0 1 1 0 0 0 1 0 1 1 0 1 0 0 0 1 1 1 1 1 1 1 0 1 1 1 0 0 1 1 0 0 1 1 1 1 0 1 0 1 1 1 1 0 1 0 0 0 0 1 0 1 0 0 1 1 1 1 1 0 1 0 1 1 1 1 1 1 1 1 0 0 0 1 0 1 0 0 1 1 1 0 1 0 0 0 0 0 1 0 0 0
1 0 1 1 1 0 1 1 1 1 1 0 0 0 1 0 1 1 1 1 0 1 0 0 1 0 1 0 0 1 0 0 0 0 1 1 1 1 0 1 1 1 1 1 1 1 1 0 1 1 1 0 1 1 1 0 0 1 1 1 1 0 0 1 0 0 1 1 0 0 0 1 1 0 1 1 1 1 1 1 0 0 1 1 0 1 0 0 0 1 0 0 1 0 1 1 1 1 0 0 0 1 1 1 1 0 0 1 0 0 1 1 0 0 1 0 0 1 0 0 1 0 1 1 0 0 1 1 1 1 0 1 0 1 1 1 0 1 0 1 0 0 0 1 0 0 0 1 1 1 1 1 1 0 0 1 1 0 1 1 0 0 1 1 0 1 1 1 0 1 0 1 1 0 0 0 1 1 1 0 1 0 0 1 1 0 0 1 1 1 0 1 1 0 0 1 0 1 1 0
0 0 0 1 1 1 0 1 1 0 1 1 1 0 0 1 0 1 1 0 1 1 0 1 1 0 1 1 0 1 1 1 0 1 1 0 0 1 0 0 1 0 1 0 1 1 0 0 0 0 0 1 0 1 1 1 0 1 0 1 0 1 1 1 1 0 0 1 1 1 0 1 1 0 1 1 1 0 0 0 0 0 0 0 0 1 0 0 0 1 1 1 0 0 0 1 0 0 1 1 0 1 0 1 1 0 0 0 0 1 0 0 0 1 0 0 0 1 1 0 0 1 1 0 1 0 0 0 0 0 1 1 1 1 1 0 1 0 1 0 1 0 1 0 1 0 0 0 0 0 1 0 1 0 1 1 0 1 0 1 1 0 1 0 0 0 0 1 0 1 0 1 1 0 0 0 0 0 1 1 0 1 1 0 0 1 1 1 1 0 1 1 1 0 0 1 0 0 1 0
0 0 1 0 0 0 0 1 0 0 0 0 0 1 1 0 1 0 0 0 1 0 1 1 0 1 1 0 1 0 1 1 1 0 0 1 0 1 1 1 1 1 1 1 0 0 0 0 0 0 1 0 1 0 0 0 0 1 1 1 0 0 1 1 0 1 1 0 1 1 0 0 1 0 0 1 1 0 1 1 1 1 1 1 1 0 0 1 0 0 1 0 1 1 1 1 1 0 1 1 0 0 0 1 1 0 0 1 1 0 0 0 1 1 0 0 0 0 0 1 1 1 1 1 1 1 1 1 0 0 1 1 0 0 0 0 1 1 0 1 1 0 0 0 0 1 0 0 1 0 1 1 1 1 0 1 0 0 0 0 1 0 1 0 1 1 1 1 1 1 1 1 1 0 0 0 1 0 0 0 0 1 1 1 0 0 0 0 1 1 0 1 1 1 1 1 0 0 0 1
0 0 1 0 0 0 1 0 1 0 0 0 0 1 0 0 0 0 1 0 0 1 1 0 1 1 1 0 0 1 1 0 1 0 0 1 1 0 0 0 1 0 0 0 0 0 1 0 0 1 1 0 1 0 1 1 1 0 1 0 0 0 0 0 1 1 0 1 1 0 0 1 1 1 1 1 0 0 0 1 1 1 0 1 0 0 0 1 0 1 1 0 1 1 1 1 1 1 1 0 1 0 1 1 1 1 0 0 1 0 0 1 0 1 1 0 1 1 1 1 1 0 1 0 0 0 0 0 0 0 1 1 1 1 1 1 0 0 0 1 1 1 1 1 0 1 0 1 0 0 1 1 0 0 1 0 0 0 1 1 1 1 1 1 0 1 1 0 1 1 0 0 0 1 1 1 1 1 0 1 0 1 1 0 0 0 1 0 0 1 0 0 0 0 1 0 0 0 0 1
1 1 0 1 0 1 1 0 1 1 0 0 0 1 0 0 0 0 1 0 0 1 0 1 1 1 1 0 1 0 0 0 1 0 1 0 1 1 1 0 0 1 1 1 1 1 1 0 1 0 0 1 1 0 0 0 0 1 0 1 0 1 1 0 0 1 1 0 0 1 1 1 0 1 1 1 1 0 1 1 1 1 0 0 0 1 0 0 1 1 1 0 1 1 0 0 1 1 0 0 1 0 0 1 1 0 1 1 1 0 0 0 0 1 0 1 1 0 1 0 0 1 0 0 0 0 1 1 0 0 0 1 0 1 1 1 0 0 0 0 0 0 0 1 0 1 1 0 0 1 0 1 0 0 1 0 1 0 0 1 1 1 0 0 1 0 1 0 0 0 0 0 1 1 1 1 0 1 1 0 0 0 0 1 0 0 0 0 1 0 1 1 0 1 1 0 1 1 0 1
1 1 0 1 1 0 1 0 0 1 0 1 1 0 1 1 0 1 0 1 1 1 1 1 1 0 1 0 0 1 1 0 0 0 1 1 0 1 0 1 1 1 1 0 1 0 0 1 1 0 1 0 1 1 0 0 0 0 1 1 0 1 0 0 0 0 0 0 1 0 0 1 0 1 1 0 1 0 1 1 1 1 0 0 0 0 1 1 1 1 0 1 0 1 0 0 0 1 0 0 1 0 0 1 1 0 1 0 1 1 1 1 0 0 0 1 1 1 0 0 0 0 1 1 1 0 1 1 1 1 0 1 1 0 0 1 1 1 1 0 1 0 1 1 1 0 0 1 1 0 0 1 0 0 1 1 1 0 1 1 1 1 1 1 0 1 1 1 1 1 0 0 0 1 0 0 1 0 1 0 0 1 0 0 1 0 1 0 0 1 1 1 0 0 1 0 1 1 0 1
1 1 1 0 1 0 1 0 1 1 0 1 1 1 1 1 0 1 0 1 0 1 1 0 1 1 0 0 0 1 0 1 1 1 1 1 0 1 1 0 1 1 0 1 1 1 0 1 1 0 1 1 1 1 0 0 1 0 1 0 1 0 0 0 0 0 0 0 1 1 0 0 1 1 1 1 0 0 0 1 1 1 0 0 0 1 0 1 0 1 0 1 1 1 1 0 1 0 0 1 0 0 1 0 1 0 1 0 0 1 1 0 1 1 0 1 1 0 1 0 1 1 1 1 1 1 1 0 0 0 1 1 0 0 1 0 1 1 1 0 0 1 1 0 0 1 1 1 1 0 0 1 1 1 1 1 0 0 1 1 0 0 1 1 1 1 1 1 1 0 1 0 1 1 0 1 0 1 1 1 1 1 1 0 0 1 0 0 1 1 0 1 0 0 0 1 0 0 0 0
0 1 1 0 0 0 0 0 1 1 0 0 1 0 0 1 0 0 0 0 1 0 0 0 1 1 0 1 1 0 0 0 0 0 1 0 1 0 1 1 0 0 1 1 0 1 1 1 1 1 1 0 0 1 1 0 0 1 0 1 1 1 1 0 0 0 1 1 1 1 1 1 0 1 0 0 0 1 1 0 0 0 1 0 0 1 0 0 0 1 1 0 0 0 1 0 1 1 1 0 0 0 0 0 0 0 0 1 1 0 1 1 0 1 1 0 1 0 0 0 0 1 1 0 1 1 0 0 1 0 1 1 1 1 1 1 1 1 0 0 1 1 1 0 0 0 0 1 1 1 0 0 1 0 0 1 0 1 1 0 0 0 1 0 1 1 1 1 1 0 1 0 1 1 0 0 0 1 0 1 0 1 0 0 1 1 1 0 0 0 0 0 1 1 1 0 1 0 1 0
1 0 0 0 1 0 1 0 0 1 1 0 0 0 1 0 1 0 1 1 0 0 0 0 1 0 0 1 0 0 0 0 0 1 1 1 0 1 0 0 1 1 0 1 0 0 0 0 1 0 0 0 0 0 0 1 1 0 1 1 0 1 0 1 0 1 0 1 1 0 1 1 0 0 1 0 1 1 0 1 1 0 0 0 1 0 1 1 1 1 0 1 0 1 1 1 1 0 1 0 0 0 1 0 1 1 1 1 0 0 0 1 0 0 1 0 0 1 0 0 1 1 1 1 0 0 0 1 1 0 1 1 1 0 0 1 0 1 1 0 0 1 0 1 0 1 0 1 0 1 0 1 1 0 0 0 1 0 0 0 1 1 0 0 1 1 1 0 1 1 1 1 1 1 0 1 0 1 1 0 1 0 0 1 0 1 0 0 0 0 1 0 1 1 0 0 0 1 1 0
1 1 1 1 1 0 1 0 1 0 0 0 0 0 0 0 0 1 0 0 1 0 0 0 0 0 0 1 0 1 1 0 1 0 1 1 0 0 0 1 0 1 0 1 1 0 1 1 1 1 0 0 0 1 1 1 1 0 1 1 1 1 0 1 1 0 1 1 1 1 0 1 1 1 1 1 0 1 1 1 1 1 1 0 1 1 1 1 1 0 0 1 1 1 0 1 1 0 0 1 0 0 1 0 1 1 1 0 1 1 0 1 1 1 0 0 1 0 1 0 1 0 0 1 0 0 0 0 1 1 1 0 1 1 0 0 0 0 1 0 0 1 1 1 0 1 1 1 1 0 0 0 0 0 0 0 1 1 1 0 0 1 0 0 1 1 1 1 0 0 1 1 1 1 0 1 0 0 0 1 1 1 1 1 1 1 1 1 1 1 0 1 1 0 1 0 1 1 0 1
1 1 1 0 1 0 1 1 1 0 1 1 0 0 1 0 1 0 1 0 0 0 1 1 0 1 0 1 0 1 0 1 1 0 1 1 1 1 1 0 0 1 0 1 1 0 0 1 1 0 1 1 1 0 0 0 0 0 0 1 0 1 0 1 1 1 0 0 1 1 0 0 1 0 1 1 1 1 1 0 1 0 1 1 1 0 0 0 1 0 0 0 0 0 1 0 1 1 0 1 1 1 0 1 1 0 0 0 0 1 1 0 1 0 0 0 0 0 1 0 0 1 0 1 1 1 1 1 0 1 1 0 0 1 0 1 0 1 0 0 1 1 0 1 1 1 1 0 1 1 0 0 1 1 1 1 0 0 0 1 0 1 0 1 0 0 0 0 1 0 1 1 0 0 0 0 1 1 1 1 0 1 1 1 0 0 1 0 0 0 1 0 1 0 0 0 0 1 0 1
0 1 1 1 1 1 0 1 1 1 1 1 0 0 1 0 0 1 0 0 1 1 1 1 1 0 1 0 0 1 1 0 1 0 1 1 0 0 1 1 0 0 0 1 0 0 0 0 0 1 0 1 1 1 1 0 1 1 1 1 0 1 0 1 1 0 0 1 0 1 1 0 0 0 1 0 0 0 1 1 0 0 1 0 0 0 1 1 0 0 0 0 0 1 1 0 1 0 1 1 1 1 0 1 0 0 0 1 0 1 0 1 1 1 0 0 1 0 0 1 1 0 0 0 1 0 1 1 0 0 1 1 1 0 1 0 1 1 1 1 0 1 1 1 0 1 0 0 1 0 0 1 1 0 1 0 1 1 0 0 0 0 1 0 0 0 1 1 0 1 0 1 0 0 0 1 0 1 0 1 0 0 0 1 1 0 0 1 1 1 0 0 1 1 0 0 1 1 1 1
1 0 0 0 0 1 0 1 1 0 1 0 1 1 0 0 1 0 1 0 1 1 1 0 1 1 1 0 1 1 1 0 1 1 0 1 0 1 0 1 1 0 0 0 1 1 1 0 0 1 0 0 1 0 0 1 1 1 0 1 0 1 0 1 0 1 0 1 1 1 0 0 0 1 0 0 0 1 1 1 1 1 0 1 1 0 0 0 0 0 1 0 0 1 0 1 0 0 1 0 0 0 1 1 1 1 1 1 1 1 1 0 0 1 0 0 1 0 1 0 0 0 1 0 0 0 0 1 0 1 0 1 1 1 0 0 0 0 0 1 1 1 1 1 0 1 0 1 1 0 1 1 1 1 0 0 1 1 0 1 1 0 1 1 0 1 0 0 0 0 0 1 0 0 0 1 0 0 1 0 1 1 0 1 0 1 1 0 0 1 0 1 1 0 1 1 0 0 1 1
1 0 1 1 1 1 1 1 0 1 0 0 0 1 0 1 0 0 0 0 0 1 0 0 0 1 1 0 1 0 0 0 0 0 1 0 0 1 0 1 0 0 1 1 0 1 1 1 0 0 0 1 1 1 1 1 1 1 0 0 1 0 1 0 1 1 0 0 1 0 0 1 0 1 1 1 0 0 0 0 0 1 0 0 0 1 1 1 1 1 0 0 0 1 0 1 1 0 0 1 1 0 1 1 1 1 1 0 1 0 0 1 0 1 0 1 1 1 0 0 1 1 1 0 0 1 0 1 0 0 0 1 1 1 1 1 0 0 0 1 0 0 0 0 0 0 0 1 1 0 0 0 1 1 0 1 1 1 0 1 1 0 1 1 0 1 1 0 1 0 1 0 1 1 0 1 1 1 0 1 0 0 0 1 1 0 1 0 1 0 1 0 1 1 1 1 0 1 0 0
0 1 1 0 0 1 1 0 0 1 1 0 0 0 0 1 1 1 1 1 1 0 1 0 0 0 1 1 1 0 0 0 0 1 0 0 1 0 0 1 0 1 0 1 1 0 1 0 1 0 1 1 0 1 1 0 1 0 0 0 0 0 1 1 1 1 0 1 1 0 1 1 0 0 0 1 0 1 1 1 1 1 0 0 1 1 1 1 1 0 0 0 0 0 0 1 1 1 1 1 1 1 0 0 0 1 0 1 0 0 0 1 0 1 0 0 1 0 0 1 0 0 0 1 1 0 0 0 0 1 0 0 1 1 0 0 0 1 1 0 0 1 1 0 0 0 1 0 1 1 0 0 1 0 0 1 1 1 0 1 0 0 1 0 0 1 1 0 1 0 1 0 1 0 1 0 0 0 1 0 1 0 1 0 1 1 1 0 1 0 1 0 0 1 0 0 1 1 0 0
1 1 0 1 1 0 1 1 0 0 1 1 0 1 0 1 0 0 0 1 0 0 0 1 0 0 1 0 0 0 1 1 0 1 1 0 1 0 0 1 1 1 1 0 1 1 1 1 0 0 1 0 0 1 0 1 1 1 0 0 0 0 1 0 1 1 1 0 0 1 1 1 1 1 0 0 1 0 1 0 0 0 0 0 0 1 1 1 1 1 1 1 0 1 0 0 0 1 1 0 1 0 1 1 0 0 0 0 1 1 0 0 1 1 1 0 0 1 0 1 0 0 0 0 1 0 0 0 0 0 0 1 0 0 1 0 0 0 0 1 1 1 1 0 1 1 0 0 1 0 0 0 0 1 1 0 0 0 0 0 1 1 1 1 1 1 1 1 1 0 0 0 0 0 0 0 0 1 1 0 1 0 1 1 0 1 1 1 1 0 1 0 1 0 1 1 1 0 1 0
1 0 0 0 0 1 0 0 0 0 0 1 0 0 1 0 0 1 1 0 1 1 1 1 0 1 1 1 1 1 1 0 1 0 0 1 0 1 1 0 0 1 0 1 0 1 1 0 0 0 0 1 1 0 1 1 1 1 1 1 1 1 1 0 0 0 0 0 0 0 0 0 1 0 1 1 0 0 1 1 0 1 1 1 0 0 1 1 1 1 0 0 0 0 0 1 0 0 1 1 0 0 0 0 1 1 0 1 1 0 0 0 0 0 0 1 0 1 0 0 0 1 0 1 0 1 1 0 1 0 1 0 1 1 1 0 1 0 0 1 1 1 1 1 1 0 1 0 0 1 0 0 1 1 0 1 1 1 1 0 0 1 1 1 1 1 0 1 1 1 1 1 1 0 1 0 1 1 0 1 1 0 1 0 0 1 1 1 0 1 1 1 1 0 1 1 0 0 1 0
0 1 0 1 1 0 1 1 0 0 0 1 1 1 1 0 1 0 1 0 1 0 1 0 1 0 1 1 0 0 1 0 1 1 1 0 0 0 0 1 0 0 1 0 1 1 0 0 0 1 1 1 1 0 1 1 0 1 0 0 1 0 0 1 0 0 0 1 0 0 1 1 0 0 1 1 1 0 0 0 0 0 1 0 0 0 0 0 1 0 1 1 1 0 0 1 0 0 1 1 0 0 1 1 1 1 0 0 0 1 1 0 0 1 1 1 1 0 0 1 1 1 1 0 1 1 1 1 1 1 0 1 1 0 1 0 1 0 0 1 0 1 0 0 0 0 0 1 1 1 1 0 0 1 0 1 0 0 0 1 0 1 0 0 1 1 1 1 1 1 0 0 1 0 0 1 0 0 0 0 0 0 1 0 1 1 1 0 1 1 0 1 1 0 1 0 0 0 1 1
0 1 0 0 0 0 1 1 1 0 1 0 1 1 1 1 1 0 1 1 1 1 1 1 1 1 1 0 1 0 1 0 0 1 1 0 0 0 0 1 1 0 0 1 1 1 1 0 0 1 0 0 1 1 0 0 1 0 1 1 0 0 0 0 1 1 0 0 0 1 0 0 1 1 0 1 1 0 1 0 0 0 1 0 1 1 0 1 1 1 1 0 0 0 1 1 0 0 1 1 0 0 0 1 1 0 1 1 1 0 0 0 1 1 0 1 0 1 0 0 0 1 0 0 0 0 1 0 0 1 1 1 1 0 1 1 0 0 0 0 0 1 0 0 1 1 0 0 0 1 0 1 0 1 0 0 0 0 1 0 0 0 1 1 0 1 0 0 0 0 0 1 1 1 1 0 0 1 1 0 0 0 1 0 1 0 1 0 1 1 1 1 0 1 0 1 1 0 0 0
1 1 1 0 0 1 0 1 0 0 0 0 0 1 1 0 0 0 0 1 1 1 1 0 1 0 0 0 0 1 1 1 1 1 1 1 0 0 1 0 1 1 0 1 0 0 0 0 0 0 0 0 0 1 1 0 0 1 0 0 0 1 0 0 0 0 1 0 0 1 0 0 1 1 0 0 0 1 0 0 1 0 1 1 1 1 1 0 1 1 0 0 1 0 1 1 0 0 0 1 0 0 0 0 0 0 0 0 0 0 1 0 0 0 0 1 1 1 0 1 1 0 1 0 1 0 0 0 0 0 0 1 1 1 1 0 1 0 0 1 0 0 1 1 0 1 0 0 0 0 1 0 1 1 0 1 0 0 1 0 1 1 1 1 0 0 0 0 1 1 1 0 1 0 0 1 1 0 0 1 1 1 0 1 0 1 0 0 0 0 0 0 1 0 0 0 1 0 0 1
1 1 1 0 1 1 1 0 0 1 1 0 1 1 1 0 0 1 1 1 0 1 0 1 0 0 1 0 1 0 1 0 0 1 1 0 1 1 1 1 1 1 0 1 1 0 1 1 1 0 1 0 1 1 0 0 0 0 1 0 0 0 1 0 0 1 0 0 0 0 1 1 0 0 0 0 1 1 0 1 0 1 0 1 1 1 0 0 1 0 1 0 1 1 0 1 1 1 1 0 0 1 1 0 1 0 1 1 1 0 1 1 1 0 1 1 0 0 1 0 0 1 0 0 0 0 0 0 1 0 0 1 0 0 1 0 0 0 1 1 1 0 0 0 0 1 0 1 1 0 1 0 1 1 0 0 0 0 0 1 0 1 1 1 1 1 0 1 1 0 0 1 1 0 0 0 1 0 0 0 1 0 1 0 0 0 1 0 0 1 0 0 0 0 1 0 1 0 1 0
1 0 0 0 0 0 1 0 0 0 1 0 1 0 1 0 1 1 0 0 1 0 0 1 1 1 1 0 0 0 0 1 0 1 0 1 1 1 0 0 0 1 0 1 0 0 0 0 1 0 0 1 1 0 1 1 0 0 1 1 0 0 1 1 0 0 0 0 0 1 0 1 0 0 1 1 0 0 0 0 0 0 1 1 1 1 0 1 0 1 0 0 1 0 1 1 1 1 1 0 1 1 0 1 1 0 0 0 1 0 1 0 0 0 0 0 1 1 0 1 1 0 0 0 0 0 1 1 1 1 0 1 1 0 0 0 0 1 1 1 1 1 1 0 1 1 1 1 0 0 1 1 0 1 0 1 1 1 1 0 1 0 1 1 0 1 1 0 1 1 0 0 1 1 0 0 1 0 1 1 1 1 0 0 0 1 0 1 1 0 1 0 1 0 1 1 1 1 0 0
1 0 1 1 1 1 0 1 1 1 0 0 1 1 0 1 1 1 0 0 0 1 1 0 1 1 0 0 1 0 0 1 1 0 0 0 1 0 0 0 1 0 0 0 0 1 1 1 0 1 0 0 1 0 0 0 0 1 0 0 0 0 1 1 0 0 0 0 1 1 1 0 0 0 0 0 0 0 1 1 1 1 1 0 0 1 1 0 0 1 0 0 0 0 1 1 0 0 0 0 1 1 1 1 1 1 1 1 1 1 0 1 1 1 0 0 1 1 1 0 1 0 0 0 0 1 0 1 1 1 1 1 0 0 0 0 1 1 1 1 1 0 1 0 1 0 0 0 0 1 0 0 1 0 1 1 0 0 1 1 1 1 0 1 1 1 1 1 0 0 1 0 0 1 1 0 1 0 1 0 1 0 0 0 1 1 1 0 0 1 1 1 0 1 0 0 1 1 1 1
0 1 0 1 0 0 1 0 0 0 0 0 0 0 1 0 1 0 0 0 1 1 0 1 1 0 1 0 1 0 1 1 0 0 1 1 1 0 0 1 1 1 1 0 0 1 1 1 0 0 0 1 0 1 0 0 1 0 0 1 0 0 0 1 1 0 0 1 1 1 0 1 1 0 0 1 0 1 1 0 0 1 1 1 0 0 0 1 1 0 0 1 0 0 1 0 1 1 1 0 1 1 0 1 1 1 1 1 0 1 1 0 0 0 0 0 1 1 0 1 1 0 0 1 1 0 0 1 0 1 0 1 0 1 1 0 1 0 0 0 0 0 1 0 0 0 0 1 0 0 0 0 0 1 1 0 0 1 0 1 0 0 0 1 0 1 0 0 0 1 1 1 0 1 0 0 1 1 1 0 0 0 1 1 1 0 1 1 0 1 0 1 1 0 0 0 0 1 1 0
0 1 1 1 0 0 1 1 0 1 1 1 0 0 1 1 0 1 1 0 1 0 0 0 0 1 0 1 1 0 1 1 0 0 0 0 0 0 1 1 1 1 0 0 0 1 0 1 0 0 1 1 0 1 0 0 1 1 1 1 0 1 1 1 0 1 1 0 0 1 0 0 0 0 1 1 0 1 1 0 0 1 0 0 0 0 1 1 0 0 1 1 0 1 1 1 0 1 1 1 0 0 1 0 0 0 1 0 1 1 1 0 1 0 1 1 0 1 1 0 1 0 0 1 0 1 0 1 1 1 0 0 0 0 1 0 0 0 0 0 0 1 0 1 0 1 0 0 0 0 0 0 0 0 1 0 0 1 1 0 0 0 1 0 1 0 1 1 1 1 0 1 1 1 0 1 0 1 1 1 0 1 1 1 0 0 1 0 0 0 1 0 0 0 1 0 0 0 0 1
0 0 0 1 1 0 0 1 0 1 0 0 0 0 0 1 1 1 0 0 0 1 1 0 1 0 0 1 0 0 0 0 0 1 1 0 1 0 1 0 0 1 1 0 1 0 1 0 1 1 1 1 0 0 0 0 1 1 0 1 1 0 1 1 1 0 0 0 1 1 1 0 0 0 0 1 0 1 0 1 0 0 0 1 1 1 1 1 1 0 0 1 0 0 0 1 1 0 1 1 1 0 0 1 1 1 1 0 1 0 1 1 1 0 0 1 0 1 1 1 1 0 0 0 1 0 1 0 1 0 1 1 0 1 0 1 0 0 0 0 1 1 0 0 1 0 0 1 0 1 0 1 0 0 0 0 0 0 1 1 0 1 1 0 1 0 1 0 1 0 0 0 0 0 1 0 0 1 1 1 0 0 1 0 0 0 1 1 0 0 1 1 1 0 0 0 0 0 1 1
1 1 0 0 1 1 1 1 0 1 0 0 0 1 0 1 1 1 1 1 0 1 1 1 0 0 0 0 1 1 1 0 0 1 0 1 1 1 1 0 1 1 1 1 0 0 1 0 1 1 0 0 0 0 1 0 0 1 0 1 1 1 0 1 0 0 0 1 1 0 0 1 0 1 0 1 0 1 1 1 0 0 0 1 1 1 1 1 0 1 0 1 1 0 1 0 1 0 1 1 1 0 1 1 1 1 0 1 0 0 1 0 1 0 1 0 1 0 0 1 0 1 1 1 1 1 0 1 1 1 0 0 1 1 0 1 0 0 1 1 1 0 0 0 0 0 0 1 0 1 1 1 0 1 0 1 1 0 1 0 1 0 0 0 1 0 1 0 0 0 1 1 0 1 0 1 1 1 1 1 1 1 0 1 0 1 1 1 0 1 1 0 1 0 1 1 0 1 0 1
1 0 1 1 0 1 1 0 0 0 1 0 0 1 0 0 1 0 0 0 1 0 0 1 1 1 1 0 1 1 0 1 0 1 1 0 0 0 0 1 0 1 0 0 0 1 1 1 0 1 1 1 0 0 1 1 0 1 1 0 1 0 1 0 1 0 1 0 1 1 1 0 1 0 1 1 0 0 1 0 1 0 1 0 1 0 1 0 1 1 1 0 1 1 1 0 0 1 1 1 1 1 0 1 1 0 1 0 0 0 1 1 1 0 0 0 1 1 1 0 0 0 0 0 0 1 0 0 0 1 1 1 1 1 0 0 1 1 1 0 1 1 0 1 1 1 1 0 0 0 0 1 0 1 1 0 0 1 1 0 0 0 0 0 0 0 1 1 0 0 1 0 1 0 1 1 1 1 0 1 1 1 0 0 1 0 0 1 0 1 0 1 0 1 0 1 1 0 0 1
1 1 1 0 0 0 0 1 1 1 0 1 0 1 1 1 1 1 0 1 0 0 0 0 0 0 0 0 0 0 1 1 0 0 1 0 1 0 0 0 0 1 1 1 0 1 1 1 0 1 1 1 0 1 0 1 0 1 1 1 0 1 0 1 1 0 1 1 0 0 0 0 1 0 0 0 1 1 0 1 0 0 0 0 1 1 1 1 0 0 0 1 0 1 0 0 1 0 1 0 0 0 1 1 0 1 1 1 0 0 0 1 1 0 0 1 0 0 1 0 0 0 0 1 1 1 0 1 0 0 0 0 1 1 0 0 1 0 1 1 0 1 1 0 0 1 0 1 1 0 0 1 0 0 1 0 0 1 1 0 0 0 1 1 1 0 0 1 0 0 1 0 0 1 0 1 1 0 1 0 0 1 0 0 0 1 1 0 1 0 1 0 0 1 1 1 1 0 0 1
1 1 1 1 1 1 0 1 1 0 1 1 0 1 1 1 0 1 0 0 0 1 0 1 1 1 0 1 1 0 1 0 0 1 0 0 0 1 1 1 0 0 0 1 0 0 1 1 0 1 1 1 0 1 0 1 0 1 1 1 1 0 0 0 0 0 1 0 1 0 1 0 0 1 1 0 1 1 0 0 1 1 1 0 0 0 1 1 0 0 0 0 0 0 0 1 0 0 1 1 1 0 0 1 0 0 1 0 0 1 1 0 1 1 1 0 1 0 1 1 1 0 1 1 1 1 1 0 1 1 0 0 0 1 1 0 1 1 0 1 1 1 1 0 1 0 1 1 0 1 0 0 1 1 0 0 0 1 1 0 0 0 0 1 1 0 0 0 1 1 0 0 0 0 0 1 0 1 0 1 0 0 0 0 0 1 0 1 1 0 1 0 1 0 1 1 0 1 1 0
0 0 0 0 0 1 1 0 1 0 0 1 1 0 0 1 1 0 0 1 0 0 0 0 0 0 0 0 0 0 0 0 0 0 0 0 1 0 0 1 0 1 0 1 0 0 1 1 1 0 1 0 1 1 1 1 0 1 1 0 1 0 0 0 0 0 0 0 0 0 1 0 0 1 1 0 1 0 0 1 1 0 1 0 0 0 0 0 0 0 0 0 0 1 1 1 1 1 0 0 0 1 0 0 0 1 1 0 0 0 0 1 0 0 0 1 1 1 0 1 1 0 0 1 1 0 1 0 0 1 0 1 0 1 0 0 0 1 0 0 0 0 1 0 0 1 0 1 1 1 1 1 0 1 1 1 0 0 0 0 1 1 0 0 1 1 1 1 0 1 1 0 1 0 1 1 0 0 0 0 0 1 1 0 0 0 1 0 0 0 0 1 0 1 1 0 1 0 1 0
1 1 1 1 0 1 0 0 1 0 1 1 0 0 1 1 1 1 0 0 1 1 0 1 0 1 1 0 0 1 1 0 1 1 0 0 0 1 1 0 1 1 0 0 1 1 1 0 0 0 1 1 1 0 1 1 1 1 0 1 0 0 1 0 1 1 0 1 1 0 1 0 1 0 1 0 0 1 0 0 1 1 1 1 0 1 0 1 1 0 0 1 0 1 0 1 1 1 0 0 1 1 0 1 0 0 1 0 1 1 1 0 1 0 0 0 1 1 1 0 1 0 0 1 0 1 1 1 0 0 1 1 1 0 0 0 1 0 1 0 1 0 1 0 1 0 1 1 1 1 0 0 1 0 1 0 1 1 1 1 1 0 0 1 1 1 0 1 0 0 0 0 1 0 0 0 1 0 0 0 1 0 1 0 0 1 1 1 0 0 1 0 1 1 0 0 1 0 0 0
0 0 1 0 0 1 0 1 1 0 1 0 0 0 1 0 0 0 1 1 0 0 0 1 0 0 1 1 0 0 0 0 1 0 1 0 1 0 0 1 0 1 1 0 0 1 0 0 0 1 0 1 0 0 1 0 0 1 0 0 1 0 1 1 0 0 0 0 1 0 1 1 0 0 1 1 1 0 0 1 1 1 0 1 0 1 1 1 0 1 1 0 1 1 0 1 0 0 0 1 1 0 0 0 0 1 0 0 1 1 0 1 0 1 0 1 0 1 0 0 0 1 1 1 0 0 0 0 1 1 1 1 1 1 1 1 1 0 0 0 0 0 0 1 1 1 0 0 0 0 1 1 0 0 1 1 1 0 0 0 1 0 0 1 1 1 0 0 0 0 0 0 1 1 0 1 0 0 1 1 1 0 0 0 0 0 1 1 1 1 1 0 1 1 1 0 1 0 0 1
1 1 1 0 0 0 0 1 0 1 1 1 1 1 0 0 0 1 1 0 1 0 0 0 0 0 0 1 1 0 1 1 1 0 1 1 1 0 1 0 0 1 0 1 1 0 1 1 1 0 0 1 0 1 1 0 1 1 1 0 1 1 0 0 1 0 0 1 0 0 0 0 0 1 1 0 0 0 0 1 0 0 1 0 1 0 1 1 0 1 1 1 0 0 0 0 0 0 0 0 0 1 1 0 0 1 0 0 1 0 1 1 0 0 0 1 0 0 1 0 0 1 1 0 1 1 1 1 0 0 0 0 1 1 0 1 1 0 0 1 1 1 0 0 0 1 1 1 1 1 0 0 1 1 1 0 0 0 0 0 1 0 0 0 0 0 1 0 0 1 1 1 0 1 0 0 1 1 0 0 0 1 0 0 1 0 0 1 0 0 0 0 0 0 1 1 0 1 0 1
1 1 0 0 1 0 1 0 1 1 1 1 1 1 0 1 0 1 1 1 0 0 0 1 0 1 1 1 0 1 1 0 0 0 0 1 1 0 0 1 1 1 0 1 1 0 0 0 1 1 1 1 1 1 1 0 1 0 1 0 1 0 0 0 1 1 0 0 1 1 1 1 0 0 1 1 1 0 0 1 1 0 0 0 0 0 0 0 1 1 0 0 1 1 1 0 0 0 0 0 0 0 0 1 0 1 1 0 0 1 1 0 0 0 1 0 1 1 0 1 0 0 0 1 1 1 1 1 0 0 0 1 1 1 0 0 1 0 1 1 1 0 0 0 1 0 1 0 1 1 0 0 0 0 0 0 1 1 0 0 0 1 1 1 0 0 0 0 1 0 1 1 0 1 1 1 0 1 0 1 1 0 0 0 0 1 1 0 1 0 1 0 1 1 0 0 1 0 0 0
1 1 0 0 1 1 1 1 0 1 0 1 1 1 0 1 0 0 1 0 0 1 1 1 1 0 0 0 1 0 1 0 0 0 0 0 0 1 1 0 1 1 0 0 1 1 1 0 1 1 1 1 0 0 1 1 0 0 1 0 1 1 0 1 1 1 1 1 1 1 0 1 1 0 0 1 1 0 0 0 0 1 0 0 0 1 0 1 1 0 0 1 1 1 0 0 1 0 0 1 1 1 0 1 0 1 0 0 1 1 0 0 1 0 0 0 1 1 0 1 0 1 0 0 1 1 1 0 0 0 0 0 1 0 1 0 0 0 0 0 0 0 1 1 1 1 0 1 1 0 1 1 0 0 1 0 1 0 1 0 1 1 1 1 0 1 1 0 1 1 0 0 1 0 1 1 1 0 0 0 0 1 0 1 1 0 1 0 1 0 1 0 1 1 1 1 0 0 0 0
1 1 1 1 0 1 0 0 1 1 0 1 0 0 0 0 1 0 1 0 0 0 1 0 0 0 0 0 1 1 0 1 0 0 0 1 0 0 1 0 0 1 1 1 1 0 1 0 0 0 1 0 1 1 0 0 1 0 0 1 1 0 0 0 1 1 1 0 1 0 1 0 0 1 1 1 1 1 1 1 1 1 0 1 1 0 0 0 1 0 0 1 0 0 1 1 1 1 0 0 0 1 1 0 0 1 1 1 0 0 0 1 0 0 0 0 1 0 1 0 1 1 1 0 0 0 0 1 1 1 0 0 1 1 0 0 1 0 0 1 1 1 1 0 0 1 1 1 0 0 1 0 0 0 1 0 0 1 1 1 1 0 1 0 0 1 0 1 1 0 0 0 0 1 0 1 0 1 1 1 0 1 0 0 1 0 0 0 1 0 1 1 0 1 1 1 0 1 1 0
12 17 161 75 122 165
43 86 33 48 31 153
60 157 124 93 142 18
112 118 158 185 113 8
42 148 53 86 130 103
173 24 112 165 100 31
141 67 130 160 152 127
13 176 163 37 6 164
147 72 79 162 24 168
181 125 75 43 157 48
1 5 62 145 14 21
68 165 91 143 47 166
33 79 94 66 71 84
187 52 159 174 75 76
74 165 158 65 114 174
182 199 1 151 104 77
19 150 75 156 56 136
42 5 110 121 19 95
70 113 55 185 32 182
131 86 1 195 68 13
52 134 113 174 151 56
74 29 133 55 182 135
151 21 101 22 198 147
118 52 164 47 130 72
118 30 68 118 184 68
47 42 197 10 197 91
184 188 35 96 136 139
57 55 113 88 130 162
173 135 43 69 17 169
94 95 173 165 105 166
108 128 25 142 88 43
20 57 138 154 145 126
138 45 176 111 22 157
125 70 106 136 195 46
30 181 151 164 117 161
194 26 52 50 193 46
103 136 95 62 121 5
47 92 97 163 65 1
92 143 72 193 160 194
37 122 140 90 82 118
189 51 173 99 92 177
64 21 157 80 80 57
43 172 103 36 96 188
173 134 171 67 90 163
125 107 111 65 173 158
104 57 75 176 54 103
66 138 153 117 35 146
176 123 110 81 81 123
143 127 146 173 187 62
64 79 189 12 95 86
1 1 25 154 83 72
198 158 9 161 67 33
24 56 110 108 113 30
91 129 118 163 189 97
42 28 1 99 93 2
61 41 89 179 188 127
6 167 113 95 142 143
50 127 129 33 131 188
24 194 85 119 33 110
50 85 160 183 119 54
74 177 101 96 67 26
27 10 9 167 137 121
59 70 51 85 115 63
52 158 13 116 169 195
148 113 179 78 131 54
123 5 73 116 55 112
101 90 195 86 36 82
167 100 176 112 177 101
38 20 199 107 156 89
145 74 84 23 155 112
181 39 145 157 189 116
20 151 132 102 49 178
140 199 1 96 53 103
62 197 134 22 77 42
61 188 172 194 136 186
156 112 187 78 78 148
94 59 31 87 181 144
102 197 50 122 141 173
11 46 21 185 29 107
15 95 91 147 5 170
192 1 80 59 69 169
137 109 68 104 102 60
139 177 25 40 111 67
169 124 30 113 166 112
152 99 77 57 124 175
76 11 130 120 128 112
169 80 86 1 32 119
30 174 85 108 23 157
157 170 65 133 15 60
99 16 185 140 144 133
108 113 117 54 110 8
26 174 128 129 116 175
83 191 132 78 146 135
120 9 65 49 75 138
44 157 97 64 62 164
1 7 156 126 131 172
171 181 13 170 197 87
120 108 150 39 112 100
18 114 168 123 146 128
66 163 145 196 134 130
76 48 76 83 195 37
21 119 25 107 98 137
127 115 105 174 155 130
27 139 143 133 82 143
75 78 191 146 108 131
63 51 92 173 144 58
161 92 160 153 88 157
75 6 113 133 144 55
100 35 165 189 148 16
124 118 103 176 155 194
63 76 12 16 152 108
94 146 130 152 91 178
124 102 83 141 14 34
9 43 139 182 27 142
154 139 186 134 84 75
7 197 124 43 44 132
71 108 190 30 58 141
66 145 158 82 32 97
179 175 86 19 36 182
190 65 78 130 38 148
76 146 141 18 192 163
115 88 70 73 124 37
195 138 34 99 17 116
197 170 38 56 143 82
31 146 164 14 90 169
43 140 173 155 71 54
21 139 42 199 94 42
53 5 142 89 155 166
185 171 29 138 72 65
157 110 43 64 94 169
171 64 1 56 35 187
170 159 15 119 28 3
117 129 128 38 68 175
103 121 122 36 155 64
175 2 111 197 174 73
49 142 161 50 79 4
43 140 97 65 150 67
116 134 16 136 59 51
143 104 163 17 101 99
32 134 17 1 3 117
6 3 138 47 113 43
44 26 7 157 37 140
129 176 73 120 90 57
170 15 156 124 48 87
146 179 75 73 170 145
175 121 126 194 99 173
126 125 152 16 104 67
149 107 28 117 55 63
126 128 27 61 109 140
157 37 128 120 156 188
141 100 143 111 60 69
189 78 93 1 56 84
15 153 31 57 184 161
168 12 150 172 74 82
41 77 17 40 103 127
179 56 28 136 115 29
144 198 99 161 50 169
173 43 152 175 77 197
141 56 83 140 107 80
34 56 167 44 3 48
65 56 124 155 188 67
11 146 92 9 194 37
4 10 88 107 69 125
43 101 153 175 165 163
65 181 149 110 79 86
83 188 108 32 133 182
45 183 100 111 194 25
183 130 100 11 143 127
8 91 140 80 184 170
151 58 191 171 149 61
180 15 15 133 111 170
175 100 5 55 134 30
90 20 115 80 59 190
4 103 20 3 141 81
193 20 94 131 10 128
83 82 3 188 99 65
75 162 195 99 171 148
46 153 72 171 78 19
67 16 142 20 181 124
10 193 194 18 103 37
69 111 92 44 22 151
1 13 134 65 168 140
113 126 119 156 16 79
24 142 125 1 58 80
170 103 66 133 162 107
10 118 127 10 166 175
121 169 105 36 50 118
193 20 195 157 21 146
58 132 68 83 108 170
110 199 160 145 5 152
109 161 32 19 84 156
50 94 26 8 105 78
115 86 46 90 34 52
171 72 48 101 55 129
165 145 71 55 80 113
62 176 71 125 73 14
36 160 195 57 196 2
9 146 157 10 69 171
104 174 39 127 131 16
47 195 146 188 110 46
175 44 194 176 142 115
115 42 127 4 1 83
99 7 148 181 79 1
1 52 55 166 119 80
167 95 32 124 40 37
119 172 117 165 5 49
40 165 50 158 135 105
172 121 117 182 170 30
190 19 183 8 134 39
136 51 189 195 48 86
191 134 69 1 190 51
64 191 58 51 172 141
189 21 126 129 6 94
117 152 182 75 26 157
11 158 150 66 69 141
85 84 4 77 191 15
25 59 127 199 149 52
69 147 18 199 75 168
28 173 132 146 101 86
135 140 115 155 92 76
97 184 20 158 198 159
176 14 155 19 76 174
161 76 169 193 16 89
84 176 39 117 153 53
125 53 169 140 33 49
62 93 193 184 181 163
133 75 33 57 151 180
174 115 85 143 53 35
103 155 163 41 188 120
40 66 108 50 84 153
105 190 128 167 186 79
123 14 91 197 115 166
63 107 148 33 117 36
7 104 85 79 129 121
136 198 18 64 52 177
197 78 51 139 138 144
176 17 10 97 157 125
24 2 100 34 9 123
140 120 132 79 82 104
139 16 189 79 122 36
37 121 179 50 140 49
196 122 62 59 84 2
38 160 83 60 180 152
182 96 8 188 56 16
194 15 3 168 179 82
16 173 190 89 7 152
11 192 54 25 32 32
32 52 144 153 43 16
114 140 47 73 88 121
111 158 25 161 64 57
